CGATS.17
ORIGINATOR	"Evaluating-Machine-Learning-Methods journal pipeline (Plan 11 bridge)"
DESCRIPTOR	"PC10 poly4(Lab,OLS) pooled 5-fold-CV predictions; truth = APTEC_PC10_CardBoard_2023_v1"
CREATED	"2026-08-11"
NUMBER_OF_FIELDS	8
BEGIN_DATA_FORMAT
SAMPLE_ID	CMYK_C	CMYK_M	CMYK_Y	CMYK_K	LAB_L	LAB_A	LAB_B
END_DATA_FORMAT
NUMBER_OF_SETS	1617
BEGIN_DATA
1	0	100	20	0	47.9258	73.1029	6.9902
2	0	85	20	0	54.1909	60.7221	5.8319
3	0	70	20	0	60.6525	48.8283	5.8405
4	0	55	20	0	67.3347	37.2856	6.9084
5	0	40	20	0	74.2344	26.0982	8.8565
6	0	30	20	0	78.9384	18.9039	10.5030
7	0	20	20	0	83.7099	11.9078	12.4265
8	0	10	20	0	88.5296	5.1596	14.5658
9	0	0	20	0	93.3603	-1.2527	16.8446
10	0	100	10	0	47.9634	74.1685	2.3030
11	0	85	10	0	54.3589	61.8183	0.2813
12	0	70	10	0	60.9485	49.8528	-0.4293
13	0	55	10	0	67.7557	38.3811	-0.0531
14	0	40	10	0	74.7903	27.1649	1.2685
15	0	30	10	0	79.5763	19.9624	2.5553
16	0	20	10	0	84.4176	12.9879	4.1067
17	0	10	10	0	89.3114	6.2448	5.8799
18	0	0	10	0	94.2126	-0.1904	7.8000
19	0	100	0	0	48.0023	75.2282	-2.2555
20	0	85	0	0	54.5134	62.9640	-5.1341
21	0	70	0	0	61.2525	51.0479	-6.5655
22	0	55	0	0	68.2011	39.5421	-6.8331
23	0	40	0	0	75.3524	28.4198	-6.1308
24	0	30	0	0	80.2147	21.2549	-5.2415
25	0	20	0	0	85.1509	14.2399	-4.0302
26	0	10	0	0	90.1175	7.5256	-2.6431
27	0	0	0	0	95.0970	1.1187	-1.0832
28	0	100	0	20	39.9010	62.9805	-3.5213
29	0	70	0	20	51.0847	42.5226	-6.6503
30	0	40	0	20	62.7436	23.4589	-5.8150
31	0	20	0	20	70.7418	11.5671	-3.9419
32	0	10	0	20	74.7814	5.9009	-2.7471
33	0	0	0	20	78.7806	0.5625	-1.4751
34	10	100	20	0	45.1826	68.1322	2.1010
35	10	85	20	0	51.3724	55.6885	1.1275
36	10	70	20	0	57.6916	43.8264	1.2448
37	10	55	20	0	64.2063	32.3810	2.3187
38	10	40	20	0	70.8938	21.3666	4.1170
39	10	30	20	0	75.4377	14.2680	5.6938
40	10	20	20	0	80.0275	7.4022	7.4596
41	10	10	20	0	84.6460	0.8175	9.3896
42	10	0	20	0	89.2644	-5.4787	11.4690
43	10	100	10	0	45.2308	69.2882	-2.5450
44	10	85	10	0	51.5770	56.8317	-4.3249
45	10	70	10	0	58.0386	44.9727	-4.9143
46	10	55	10	0	64.6649	33.5503	-4.5151
47	10	40	10	0	71.4658	22.5436	-3.3109
48	10	30	10	0	76.0842	15.4625	-2.1326
49	10	20	10	0	80.7487	8.6438	-0.7488
50	10	10	10	0	85.4411	2.0197	0.8188
51	10	0	10	0	90.1317	-4.2627	2.4984
52	10	100	0	0	45.2560	70.5084	-7.1316
53	10	85	0	0	51.7193	58.1558	-9.6617
54	10	70	0	0	58.3365	46.2754	-11.0051
55	10	55	0	0	65.0947	34.9466	-11.2986
56	10	40	0	0	72.0419	23.9078	-10.6006
57	10	30	0	0	76.7429	16.8816	-9.8313
58	10	20	0	0	81.4908	10.0418	-8.8369
59	10	10	0	0	86.2568	3.4846	-7.6473
60	10	0	0	0	91.0278	-2.7924	-6.3085
61	10	100	0	20	37.7784	58.9838	-7.3776
62	10	70	0	20	48.8026	38.4700	-10.2094
63	10	40	0	20	60.1309	19.6262	-9.4487
64	10	20	0	20	67.8360	7.9510	-7.8168
65	10	10	0	20	71.6891	2.4217	-6.8405
66	10	0	0	20	75.5330	-2.8160	-5.7470
67	20	100	20	0	42.4906	63.0662	-2.6738
68	20	85	20	0	48.6099	50.6180	-3.4502
69	20	70	20	0	54.7805	38.8689	-3.2539
70	20	55	20	0	61.1100	27.5514	-2.1992
71	20	40	20	0	67.5620	16.7170	-0.4942
72	20	30	20	0	71.9244	9.7517	0.9193
73	20	20	20	0	76.3292	3.0320	2.5301
74	20	10	20	0	80.7576	-3.4265	4.2810
75	20	0	20	0	85.1691	-9.5489	6.1170
76	20	100	10	0	42.5737	64.1981	-7.2953
77	20	85	10	0	48.8099	51.8712	-8.8649
78	20	70	10	0	55.1076	40.1395	-9.3627
79	20	55	10	0	61.5682	28.8489	-8.9509
80	20	40	10	0	68.1358	18.0425	-7.8572
81	20	30	10	0	72.5772	11.0977	-6.8049
82	20	20	10	0	77.0595	4.4240	-5.5746
83	20	10	10	0	81.5480	-2.0302	-4.1911
84	20	0	10	0	86.0241	-8.1476	-2.7215
85	20	100	0	0	42.5626	65.7039	-11.8043
86	20	85	0	0	48.9467	53.3343	-14.1540
87	20	70	0	0	55.4159	41.6105	-15.4028
88	20	55	0	0	62.0185	30.3329	-15.6139
89	20	40	0	0	68.7151	19.5934	-15.1311
90	20	30	0	0	73.2482	12.6653	-14.4192
91	20	20	0	0	77.8078	5.9963	-13.5606
92	20	10	0	0	82.3742	-0.4185	-12.5534
93	20	0	0	0	86.9285	-6.5149	-11.4471
94	20	100	0	20	35.6791	54.8195	-11.2365
95	20	70	0	20	46.5099	34.4704	-13.6773
96	20	40	0	20	57.4717	15.9210	-13.1314
97	20	20	0	20	64.8904	4.4813	-11.7417
98	20	10	0	20	68.5805	-0.9050	-10.8929
99	20	0	0	20	72.2382	-6.0310	-10.0518
100	30	100	20	0	39.9007	57.7341	-7.3182
101	30	85	20	0	45.8852	45.4513	-7.9496
102	30	70	20	0	51.9108	33.8109	-7.6816
103	30	55	20	0	58.0094	22.7116	-6.6968
104	30	40	20	0	64.2379	12.0954	-5.1138
105	30	30	20	0	68.4189	5.2798	-3.8108
106	30	20	20	0	72.6352	-1.2767	-2.3570
107	30	10	20	0	76.8586	-7.5591	-0.7959
108	30	0	20	0	81.0648	-13.5510	0.8289
109	30	100	10	0	39.9703	59.0819	-11.9240
110	30	85	10	0	46.0898	46.8327	-13.3155
111	30	70	10	0	52.2206	35.2584	-13.7368
112	30	55	10	0	58.4672	24.1999	-13.3738
113	30	40	10	0	64.8226	13.5877	-12.3646
114	30	30	10	0	69.0820	6.8207	-11.4400
115	30	20	10	0	73.3740	0.2874	-10.3470
116	30	10	10	0	77.6597	-6.0014	-9.1506
117	30	0	10	0	81.9326	-11.9315	-7.9080
118	30	100	0	0	39.9515	60.7177	-16.4238
119	30	85	0	0	46.2220	48.4478	-18.5659
120	30	70	0	0	52.5385	36.8393	-19.6892
121	30	55	0	0	58.9183	25.8037	-19.9057
122	30	40	0	0	65.4108	15.2923	-19.5042
123	30	30	0	0	69.7600	8.5546	-18.9536
124	30	20	0	0	74.1180	2.0470	-18.2122
125	30	10	0	0	78.4861	-4.1797	-17.3982
126	30	0	0	0	82.8274	-10.0828	-16.5359
127	40	100	0	20	31.6004	46.3217	-18.6430
128	40	70	0	20	41.9444	26.4315	-20.7461
129	40	40	0	20	52.1553	8.6541	-20.3487
130	40	20	0	20	58.9428	-2.1760	-19.5045
131	40	10	0	20	62.2969	-7.2924	-19.0282
132	40	0	0	20	65.6240	-12.1259	-18.4829
133	40	100	20	0	37.3541	52.3915	-11.8442
134	40	85	20	0	43.2077	40.1874	-12.3562
135	40	70	20	0	49.0707	28.6957	-12.0458
136	40	55	20	0	54.9722	17.7872	-11.1000
137	40	40	20	0	60.9253	7.4123	-9.6733
138	40	30	20	0	64.9355	0.7855	-8.4985
139	40	20	20	0	68.9683	-5.5857	-7.1898
140	40	10	20	0	72.9803	-11.6973	-5.8263
141	40	0	20	0	76.9740	-17.5100	-4.4034
142	40	100	10	0	37.4453	53.7706	-16.4467
143	40	85	10	0	43.4140	41.7068	-17.6766
144	40	70	10	0	49.4101	30.2785	-18.0177
145	40	55	10	0	55.4161	19.4275	-17.6998
146	40	40	10	0	61.5052	9.1040	-16.8218
147	40	30	10	0	65.6102	2.5292	-16.0092
148	40	20	10	0	69.6939	-3.8230	-15.0863
149	40	10	10	0	73.7835	-9.8887	-14.0722
150	40	0	10	0	77.8397	-15.6650	-13.0271
151	40	100	0	0	37.4507	55.4271	-20.9135
152	40	85	0	0	43.5925	43.4011	-22.8798
153	40	70	0	0	49.7272	32.0566	-23.8979
154	40	55	0	0	55.8779	21.2794	-24.1527
155	40	40	0	0	62.1003	11.0303	-23.8374
156	40	30	0	0	66.2679	4.4741	-23.4578
157	40	20	0	0	70.4417	-1.8273	-22.8933
158	40	10	0	0	74.6036	-7.8387	-22.2259
159	40	0	0	0	78.7299	-13.6066	-21.5833
160	70	100	0	20	26.0542	32.0455	-29.4253
161	70	70	0	20	35.3995	13.6581	-31.1367
162	70	40	0	20	44.2873	-2.4797	-31.2922
163	70	20	0	20	50.1048	-12.2464	-31.0620
164	70	10	0	20	52.9687	-16.8206	-30.9949
165	70	0	0	20	55.7493	-21.1500	-30.9881
166	55	100	20	0	33.7751	43.6862	-18.3886
167	55	85	20	0	39.3885	31.7705	-18.7288
168	55	70	20	0	44.9139	20.7104	-18.4637
169	55	55	20	0	50.4803	10.1524	-17.6436
170	55	40	20	0	56.0582	0.2174	-16.4029
171	55	30	20	0	59.7700	-6.1274	-15.4494
172	55	20	20	0	63.4939	-12.2132	-14.4089
173	55	10	20	0	67.2074	-18.0239	-13.3107
174	55	0	20	0	70.8702	-23.5784	-12.2052
175	55	100	10	0	33.8818	45.3055	-22.9171
176	55	85	10	0	39.5936	33.5531	-24.0290
177	55	70	10	0	45.2616	22.5614	-24.3240
178	55	55	10	0	50.9394	12.1367	-24.0618
179	55	40	10	0	56.6182	2.2712	-23.4281
180	55	30	10	0	60.4183	-4.0168	-22.8161
181	55	20	10	0	64.2208	-10.0506	-22.0999
182	55	10	10	0	67.9868	-15.8344	-21.3847
183	55	0	10	0	71.7349	-21.2990	-20.6314
184	55	100	0	0	33.8339	47.3987	-27.4568
185	55	85	0	0	39.7501	35.5745	-29.2248
186	55	70	0	0	45.5714	24.6385	-30.1452
187	55	55	0	0	51.3967	14.3618	-30.4242
188	55	40	0	0	57.2170	4.5884	-30.3054
189	55	30	0	0	61.0808	-1.6672	-30.0973
190	55	20	0	0	64.9664	-7.6170	-29.7363
191	55	10	0	0	68.8003	-13.3347	-29.3522
192	55	0	0	0	72.6059	-18.7622	-28.9926
193	100	100	0	20	21.2348	15.5084	-39.7191
194	100	70	0	20	29.1898	-0.8157	-41.4144
195	100	40	0	20	36.5428	-14.6848	-42.2792
196	100	20	0	20	41.2886	-23.0981	-42.8084
197	100	10	0	20	43.6206	-27.0822	-43.1177
198	100	0	0	20	45.9321	-31.0468	-43.5140
199	70	100	20	0	30.4437	34.1264	-24.6657
200	70	85	20	0	35.7482	22.6871	-25.0049
201	70	70	20	0	40.9435	12.0532	-24.7427
202	70	55	20	0	46.1018	2.0448	-24.0934
203	70	40	20	0	51.2447	-7.4013	-23.1435
204	70	30	20	0	54.6554	-13.4098	-22.3983
205	70	20	20	0	58.0778	-19.1888	-21.6014
206	70	10	20	0	61.4606	-24.6953	-20.8007
207	70	0	20	0	64.8029	-29.9429	-20.0004
208	70	100	10	0	30.4701	36.2772	-29.1692
209	70	85	10	0	35.9488	24.9060	-30.1685
210	70	70	10	0	41.2601	14.3745	-30.5269
211	70	55	10	0	46.5338	4.4626	-30.4176
212	70	40	10	0	51.8050	-4.9042	-29.9624
213	70	30	10	0	55.3043	-10.8413	-29.5437
214	70	20	10	0	58.7896	-16.5215	-29.0828
215	70	10	10	0	62.2267	-21.9718	-28.6427
216	70	0	10	0	65.6632	-27.1378	-28.1641
217	70	100	0	0	30.4494	38.5974	-33.6757
218	70	85	0	0	36.0700	27.3315	-35.2919
219	70	70	0	0	41.5490	16.8889	-36.2443
220	70	55	0	0	46.9842	7.1540	-36.5880
221	70	40	0	0	52.3533	-2.0937	-36.7020
222	70	30	0	0	55.9416	-7.9671	-36.6647
223	70	20	0	0	59.5129	-13.5431	-36.4989
224	70	10	0	0	63.0472	-18.9070	-36.3833
225	70	0	0	0	66.5334	-24.0057	-36.3111
226	0	100	10	20	39.9140	61.7763	0.3971
227	0	70	10	20	50.8478	41.3516	-1.4717
228	0	40	10	20	62.2857	22.3114	0.3472
229	0	20	10	20	70.1462	10.4045	2.8166
230	0	10	10	20	74.1130	4.7470	4.2922
231	0	0	10	20	78.0668	-0.6135	5.8581
232	85	100	20	0	27.3224	23.7694	-30.7479
233	85	85	20	0	32.2739	12.8501	-31.1314
234	85	70	20	0	37.0618	2.7518	-31.0357
235	85	55	20	0	41.8005	-6.7385	-30.5921
236	85	40	20	0	46.4851	-15.6265	-29.9236
237	85	30	20	0	49.5617	-21.2415	-29.4246
238	85	20	20	0	52.6600	-26.6605	-28.8518
239	85	10	20	0	55.7403	-31.8589	-28.3065
240	85	0	20	0	58.7354	-36.7940	-27.7971
241	85	100	10	0	27.3527	26.3269	-35.2933
242	85	85	10	0	32.4216	15.5368	-36.1888
243	85	70	10	0	37.3880	5.5259	-36.6444
244	85	55	10	0	42.2219	-3.7702	-36.7097
245	85	40	10	0	47.0166	-12.4857	-36.5141
246	85	30	10	0	50.2081	-18.0777	-36.3320
247	85	20	10	0	53.3614	-23.3733	-36.1004
248	85	10	10	0	56.4832	-28.4829	-35.8812
249	85	0	10	0	59.5837	-33.3283	-35.7088
250	85	100	0	0	27.3461	29.1649	-39.7796
251	85	85	0	0	32.5770	18.4702	-41.2659
252	85	70	0	0	37.6408	8.6661	-42.2474
253	85	55	0	0	42.6403	-0.4602	-42.7076
254	85	40	0	0	47.5778	-9.0530	-43.0123
255	85	30	0	0	50.8311	-14.5631	-43.2001
256	85	20	0	0	54.0789	-19.7217	-43.2552
257	85	10	0	0	57.2813	-24.7184	-43.3932
258	85	0	0	0	60.3990	-29.4932	-43.6692
259	10	100	10	20	37.7621	57.6841	-3.5327
260	10	70	10	20	48.5825	37.1907	-5.0230
261	10	40	10	20	59.6798	18.3400	-3.3752
262	10	20	10	20	67.2271	6.6707	-1.1508
263	10	10	10	20	71.0283	1.1513	0.1401
264	10	0	10	20	74.8076	-4.1234	1.5083
265	100	100	20	0	24.4045	12.3823	-36.7729
266	100	85	20	0	28.9628	1.9246	-37.2460
267	100	70	20	0	33.2630	-7.3853	-37.3408
268	100	55	20	0	37.5321	-16.2703	-37.1731
269	100	40	20	0	41.7211	-24.5289	-36.8707
270	100	30	20	0	44.4663	-29.7710	-36.5836
271	100	20	20	0	47.2087	-34.8021	-36.2761
272	100	10	20	0	49.9288	-39.6579	-36.0103
273	100	0	20	0	52.6205	-44.2893	-35.8013
274	100	100	10	0	24.4450	15.4985	-41.2557
275	100	85	10	0	29.0714	5.3783	-42.2100
276	100	70	10	0	33.5546	-3.9150	-42.7873
277	100	55	10	0	37.9291	-12.6086	-43.0357
278	100	40	10	0	42.2406	-20.7462	-43.1459
279	100	30	10	0	45.0944	-25.8218	-43.2225
280	100	20	10	0	47.8959	-30.7455	-43.2144
281	100	10	10	0	50.6873	-35.4656	-43.2499
282	100	0	10	0	53.4242	-39.9942	-43.3747
283	100	100	0	0	24.5791	18.3524	-45.6527
284	100	85	0	0	29.1281	8.9576	-47.1482
285	100	70	0	0	33.7851	-0.1271	-48.1742
286	100	55	0	0	38.3742	-8.7678	-48.8904
287	100	40	0	0	42.7530	-16.4679	-49.4733
288	100	30	0	0	45.7056	-21.5785	-49.7600
289	100	20	0	0	48.5921	-26.2814	-50.0928
290	100	10	0	0	51.4519	-30.9005	-50.5058
291	100	0	0	0	54.2710	-35.3009	-50.9269
292	20	100	10	20	35.6543	53.5413	-7.3749
293	20	70	10	20	46.2627	33.1419	-8.6428
294	20	40	10	20	57.0109	14.5521	-7.1004
295	20	20	10	20	64.2910	3.0875	-5.1240
296	20	10	10	20	67.9098	-2.3032	-4.0027
297	20	0	10	20	71.5133	-7.4505	-2.8159
298	0	100	55	0	47.7046	70.2790	24.1333
299	0	85	55	0	53.5285	58.0464	25.9446
300	0	70	55	0	59.5739	46.2343	28.6296
301	0	55	55	0	65.8662	34.7970	32.1322
302	0	40	55	0	72.4203	23.6739	36.2584
303	0	30	55	0	76.8904	16.5235	39.2796
304	0	20	55	0	81.4638	9.5681	42.5463
305	0	10	55	0	86.0661	2.8524	45.9335
306	0	0	55	0	90.7174	-3.5332	49.4968
307	0	100	40	0	47.8034	71.3372	16.7268
308	0	85	40	0	53.8069	59.0175	17.1703
309	0	70	40	0	60.0189	47.1860	18.7466
310	0	55	40	0	66.4696	35.6574	21.1749
311	0	40	40	0	73.1622	24.4907	24.3519
312	0	30	40	0	77.7294	17.2999	26.7711
313	0	20	40	0	82.3773	10.3021	29.4792
314	0	10	40	0	87.0681	3.5733	32.3185
315	0	0	40	0	91.7864	-2.8400	35.3171
316	0	100	30	0	47.8928	72.1539	11.8705
317	0	85	30	0	54.0027	59.8169	11.4849
318	0	70	30	0	60.3253	47.9168	12.2166
319	0	55	30	0	66.8925	36.4114	13.9909
320	0	40	30	0	73.6879	25.2329	16.5133
321	0	30	30	0	78.3267	18.0018	18.6006
322	0	20	30	0	83.0254	11.0218	20.8708
323	0	10	30	0	87.7799	4.2825	23.4011
324	0	0	30	0	92.5447	-2.1597	26.0402
325	40	100	10	20	31.6108	44.8152	-14.8878
326	40	70	10	20	41.6940	24.8793	-15.7892
327	40	40	10	20	51.7006	7.0081	-14.5083
328	40	20	10	20	58.3530	-3.8889	-13.0352
329	40	10	10	20	61.6505	-9.0105	-12.2234
330	40	0	10	20	64.9133	-13.9036	-11.3846
331	10	100	55	0	44.9240	64.9776	18.9850
332	10	85	55	0	50.6614	52.6809	20.9411
333	10	70	55	0	56.5844	40.8948	23.6928
334	10	55	55	0	62.7060	29.5220	27.1127
335	10	40	55	0	69.0480	18.5445	31.1087
336	10	30	55	0	73.3534	11.4741	34.0039
337	10	20	55	0	77.7458	4.6254	37.1074
338	10	10	55	0	82.1647	-1.9371	40.3203
339	10	0	55	0	86.6052	-8.2075	43.6548
340	10	100	40	0	45.0331	66.1523	11.6951
341	10	85	40	0	50.9512	53.8186	12.3323
342	10	70	40	0	57.0398	41.9971	13.9439
343	10	55	40	0	63.3335	30.5403	16.3625
344	10	40	40	0	69.7937	19.5192	19.3650
345	10	30	40	0	74.2132	12.4346	21.7334
346	10	20	40	0	78.6688	5.5661	24.2197
347	10	10	40	0	83.1718	-1.0317	26.9176
348	10	0	40	0	87.6831	-7.3339	29.7002
349	10	100	30	0	45.1254	67.0325	6.8519
350	10	85	30	0	51.1730	54.7120	6.6925
351	10	70	30	0	57.3844	42.8201	7.5751
352	10	55	30	0	63.7703	31.3902	9.2965
353	10	40	30	0	70.3416	20.3709	11.7234
354	10	30	30	0	74.8132	13.2692	13.6587
355	10	20	30	0	79.3370	6.4029	15.8063
356	10	10	30	0	83.8909	-0.2003	18.1097
357	10	0	30	0	88.4563	-6.5135	20.5204
358	70	100	10	20	26.0815	30.0859	-25.5785
359	70	70	10	20	35.1564	11.5449	-26.2663
360	70	40	10	20	43.8487	-4.8330	-25.6265
361	70	20	10	20	49.5143	-14.6481	-24.8968
362	70	10	10	20	52.3285	-19.3487	-24.5253
363	70	0	10	20	55.0883	-23.7980	-24.1761
364	20	100	55	0	42.1804	59.5240	13.9629
365	20	85	55	0	47.8498	47.2627	16.0776
366	20	70	55	0	53.6132	35.5719	18.8129
367	20	55	55	0	59.5693	24.2823	22.1843
368	20	40	55	0	65.6789	13.4680	26.0260
369	20	30	55	0	69.8348	6.4966	28.8026
370	20	20	55	0	74.0214	-0.1971	31.6914
371	20	10	55	0	78.2628	-6.6332	34.7425
372	20	0	55	0	82.5145	-12.7833	37.8810
373	20	100	40	0	42.3192	60.8687	6.7932
374	20	85	40	0	48.1653	48.5501	7.6189
375	20	70	40	0	54.1154	36.7513	9.2681
376	20	55	40	0	60.1963	25.4718	11.6012
377	20	40	40	0	66.4525	14.5962	14.5215
378	20	30	40	0	70.6903	7.6349	16.7202
379	20	20	40	0	74.9648	0.9159	19.0629
380	20	10	40	0	79.2697	-5.5415	21.5559
381	20	0	40	0	83.5695	-11.6895	24.1232
382	20	100	30	0	42.4242	61.8691	2.0505
383	20	85	30	0	48.3918	49.5071	2.0507
384	20	70	30	0	54.4546	37.7246	2.9724
385	20	55	30	0	60.6424	26.4263	4.6257
386	20	40	30	0	66.9908	15.5784	6.9364
387	20	30	30	0	71.2931	8.6145	8.7667
388	20	20	30	0	75.6323	1.8879	10.7409
389	20	10	30	0	79.9917	-4.5915	12.8635
390	20	0	30	0	84.3504	-10.7318	15.0747
391	100	100	10	20	21.3709	12.4898	-35.8700
392	100	70	10	20	29.0599	-3.9869	-36.9136
393	100	40	10	20	36.1659	-18.2261	-37.0468
394	100	20	10	20	40.7502	-26.8343	-37.0245
395	100	10	10	20	43.0344	-30.9466	-37.1487
396	100	0	10	20	45.2466	-34.8891	-37.1608
397	30	100	55	0	39.5313	53.9582	9.1862
398	30	85	55	0	45.0859	41.7388	11.2967
399	30	70	55	0	50.7049	30.1230	14.0497
400	30	55	55	0	56.4535	18.9943	17.3130
401	30	40	55	0	62.3346	8.3382	20.9697
402	30	30	55	0	66.3170	1.5212	23.6073
403	30	20	55	0	70.3361	-5.0540	26.3639
404	30	10	55	0	74.3733	-11.3578	29.2161
405	30	0	55	0	78.4085	-17.3400	32.1308
406	30	100	40	0	39.6961	55.4048	2.0853
407	30	85	40	0	45.4208	43.1522	2.9815
408	30	70	40	0	51.1974	31.5132	4.6489
409	30	55	40	0	57.1099	20.3341	6.9298
410	30	40	40	0	63.1151	9.6661	9.6885
411	30	30	40	0	67.1844	2.8435	11.7551
412	30	20	40	0	71.2778	-3.7346	13.9454
413	30	10	40	0	75.3773	-10.0210	16.2240
414	30	0	40	0	79.4802	-16.0491	18.5913
415	30	100	30	0	39.8017	56.5335	-2.6475
416	30	85	30	0	45.6605	44.2192	-2.5067
417	30	70	30	0	51.5639	32.5631	-1.5499
418	30	55	30	0	57.5508	21.4610	0.0846
419	30	40	30	0	63.6664	10.7981	2.2386
420	30	30	30	0	67.7928	3.9732	3.9346
421	30	20	30	0	71.9442	-2.6110	5.7551
422	30	10	30	0	76.0964	-8.9120	7.6720
423	30	0	30	0	80.2489	-14.9125	9.6652
424	0	100	20	20	39.8759	60.7269	4.3536
425	0	70	20	20	50.6156	40.3525	3.8464
426	0	40	20	20	61.8474	21.2443	6.6515
427	0	20	20	20	69.5751	9.3686	9.7200
428	0	10	20	20	73.4685	3.7418	11.4801
429	0	0	20	20	77.3511	-1.6335	13.3333
430	40	100	55	0	36.9894	48.0747	4.5457
431	40	85	55	0	42.4014	36.0034	6.6727
432	40	70	55	0	47.8597	24.4958	9.3710
433	40	55	55	0	53.4047	13.5210	12.5005
434	40	40	55	0	59.0357	3.0963	15.9741
435	40	30	55	0	62.8341	-3.5914	18.4460
436	40	20	55	0	66.6741	-10.0186	21.0272
437	40	10	55	0	70.4981	-16.1568	23.6666
438	40	0	55	0	74.3312	-22.0094	26.3890
439	40	100	40	0	37.1670	49.6975	-2.4969
440	40	85	40	0	42.7384	37.6123	-1.5279
441	40	70	40	0	48.3636	26.0798	0.1285
442	40	55	40	0	54.0540	15.0967	2.2941
443	40	40	40	0	59.8102	4.6452	4.8933
444	40	30	40	0	63.6981	-1.9919	6.8160
445	40	20	40	0	67.5993	-8.4114	8.8312
446	40	10	40	0	71.4981	-14.5862	10.9331
447	40	0	40	0	75.3902	-20.4145	13.0920
448	40	100	30	0	37.2705	50.9551	-7.1962
449	40	85	30	0	42.9833	38.8132	-6.9583
450	40	70	30	0	48.7125	27.2925	-5.9990
451	40	55	30	0	54.5094	16.3497	-4.4350
452	40	40	30	0	60.3670	5.9408	-2.4117
453	40	30	30	0	64.3130	-0.7027	-0.8749
454	40	20	30	0	68.2681	-7.1280	0.7872
455	40	10	30	0	72.2280	-13.2322	2.5200
456	40	0	30	0	76.1602	-19.0712	4.3189
457	10	100	20	20	37.7166	56.5743	0.4177
458	10	70	20	20	48.3202	36.1611	0.1612
459	10	40	20	20	59.2210	17.2429	2.8361
460	10	20	20	20	66.6486	5.5752	5.6520
461	10	10	20	20	70.3776	0.0691	7.2370
462	10	0	20	20	74.0969	-5.2167	8.9006
463	55	100	55	0	33.3917	38.6087	-2.1905
464	55	85	55	0	38.5872	26.7247	-0.1060
465	55	70	55	0	43.7314	15.4919	2.4198
466	55	55	55	0	48.9222	4.8843	5.3240
467	55	40	55	0	54.1603	-5.1862	8.4731
468	55	30	55	0	57.6716	-11.6183	10.6866
469	55	20	55	0	61.2225	-17.8142	12.9966
470	55	10	55	0	64.7504	-23.7141	15.3316
471	55	0	55	0	68.2622	-29.2872	17.7339
472	55	100	40	0	33.5780	40.5319	-9.1190
473	55	85	40	0	38.9362	28.6474	-8.1013
474	55	70	40	0	44.2394	17.4693	-6.5417
475	55	55	40	0	49.5729	6.8512	-4.5635
476	55	40	40	0	54.9410	-3.1928	-2.2386
477	55	30	40	0	58.5384	-9.5966	-0.5662
478	55	20	40	0	62.1449	-15.7795	1.1964
479	55	10	40	0	65.7390	-21.6587	3.0042
480	55	0	40	0	69.3072	-27.2534	4.8351
481	55	100	30	0	33.6896	42.0711	-13.7678
482	55	85	30	0	39.1694	30.0886	-13.4560
483	55	70	30	0	44.5920	18.9395	-12.5381
484	55	55	30	0	50.0079	8.4295	-11.1252
485	55	40	30	0	55.4909	-1.5983	-9.3565
486	55	30	30	0	59.1397	-7.9796	-8.0339
487	55	20	30	0	62.8009	-14.1152	-6.6290
488	55	10	30	0	66.4542	-19.9572	-5.1820
489	55	0	30	0	70.0679	-25.5414	-3.7061
490	20	100	20	20	35.6066	52.3453	-3.4709
491	20	70	20	20	46.0056	31.9604	-3.5059
492	20	40	20	20	56.5541	13.3671	-0.9736
493	20	20	20	20	63.6960	1.8852	1.6051
494	20	10	20	20	67.2605	-3.5358	3.0171
495	20	0	20	20	70.8020	-8.6732	4.4777
496	70	100	55	0	30.0517	28.1391	-8.6963
497	70	85	55	0	34.9474	16.5651	-6.7567
498	70	70	55	0	39.7473	5.7097	-4.4677
499	70	55	55	0	44.5505	-4.5270	-1.8768
500	70	40	55	0	49.3650	-14.1990	0.8937
501	70	30	55	0	52.5874	-20.3076	2.8531
502	70	20	55	0	55.8081	-26.2413	4.8286
503	70	10	55	0	59.0363	-31.9156	6.8543
504	70	0	55	0	62.2279	-37.2526	8.9181
505	70	100	40	0	30.2731	30.4858	-15.5029
506	70	85	40	0	35.3056	18.9066	-14.5498
507	70	70	40	0	40.2411	8.1755	-13.1514
508	70	55	40	0	45.1967	-2.0717	-11.4176
509	70	40	40	0	50.1407	-11.6519	-9.4186
510	70	30	40	0	53.4392	-17.7594	-7.9935
511	70	20	40	0	56.7342	-23.6305	-6.5168
512	70	10	40	0	60.0126	-29.2377	-5.0105
513	70	0	40	0	63.2620	-34.5598	-3.4613
514	70	100	30	0	30.3680	32.2372	-20.1018
515	70	85	30	0	35.5300	20.6945	-19.7832
516	70	70	30	0	40.6076	9.9820	-18.9610
517	70	55	30	0	45.6270	-0.0891	-17.7778
518	70	40	30	0	50.6901	-9.6721	-16.2982
519	70	30	30	0	54.0295	-15.7231	-15.2175
520	70	20	30	0	57.3885	-21.5587	-14.0717
521	70	10	30	0	60.7174	-27.1187	-12.9177
522	70	0	30	0	64.0119	-32.3967	-11.7340
523	40	100	20	20	31.5403	43.5267	-10.9701
524	40	70	20	20	41.4389	23.4801	-10.7482
525	40	40	20	20	51.2375	5.5500	-8.5299
526	40	20	20	20	57.7716	-5.3943	-6.4581
527	40	10	20	20	61.0106	-10.5637	-5.3719
528	40	0	20	20	64.2125	-15.4434	-4.2715
529	85	100	55	0	26.9458	16.4492	-15.0765
530	85	85	55	0	31.4768	5.2595	-13.3917
531	85	70	55	0	35.8889	-5.1246	-11.4160
532	85	55	55	0	40.2650	-14.9398	-9.2186
533	85	40	55	0	44.6188	-24.1165	-6.8473
534	85	30	55	0	47.5279	-29.9717	-5.2233
535	85	20	55	0	50.4358	-35.5812	-3.5212
536	85	10	55	0	53.3310	-40.9883	-1.8171
537	85	0	55	0	56.2001	-46.1130	-0.1297
538	85	100	40	0	27.1719	19.2919	-21.7474
539	85	85	40	0	31.8333	8.1811	-20.9271
540	85	70	40	0	36.4085	-2.1500	-19.7744
541	85	55	40	0	40.9080	-11.8156	-18.3424
542	85	40	40	0	45.3949	-20.9245	-16.7120
543	85	30	40	0	48.3752	-26.7046	-15.5562
544	85	20	40	0	51.3410	-32.2332	-14.3449
545	85	10	40	0	54.2956	-37.5717	-13.1348
546	85	0	40	0	57.2280	-42.6461	-11.9442
547	85	100	30	0	27.2772	21.4302	-26.2433
548	85	85	30	0	32.0835	10.3694	-26.0307
549	85	70	30	0	36.7378	0.1944	-25.4006
550	85	55	30	0	41.3595	-9.4285	-24.4660
551	85	40	30	0	45.9252	-18.4069	-23.3237
552	85	30	30	0	48.9589	-24.0990	-22.4709
553	85	20	30	0	51.9776	-29.6155	-21.6296
554	85	10	30	0	55.0046	-34.8913	-20.7289
555	85	0	30	0	57.9508	-39.8968	-19.8593
556	70	100	20	20	26.0702	28.3179	-21.6668
557	70	70	20	20	34.9443	9.5442	-21.4131
558	70	40	20	20	43.4073	-6.9420	-19.9149
559	70	20	20	20	48.9697	-16.9194	-18.6138
560	70	10	20	20	51.6987	-21.6137	-17.9518
561	70	0	20	20	54.4099	-26.0640	-17.3727
562	100	100	55	0	24.0205	3.3426	-21.4643
563	100	85	55	0	28.1726	-7.4350	-20.1953
564	100	70	55	0	32.1263	-17.3137	-18.5884
565	100	55	55	0	36.0116	-26.5336	-16.8236
566	100	40	55	0	39.8732	-35.2165	-14.9448
567	100	30	55	0	42.4316	-40.7121	-13.6158
568	100	20	55	0	45.0023	-46.0645	-12.2732
569	100	10	55	0	47.5611	-51.1150	-10.9417
570	100	0	55	0	50.0955	-55.9586	-9.5077
571	100	100	40	0	24.2118	6.8639	-27.8724
572	100	85	40	0	28.5140	-3.7429	-27.3864
573	100	70	40	0	32.6402	-13.5129	-26.5234
574	100	55	40	0	36.6599	-22.5994	-25.4582
575	100	40	40	0	40.6474	-31.1444	-24.2764
576	100	30	40	0	43.2671	-36.5753	-23.3898
577	100	20	40	0	45.9032	-41.7842	-22.4771
578	100	10	40	0	48.5187	-46.8153	-21.6522
579	100	0	40	0	51.1060	-51.6337	-20.7324
580	100	100	30	0	24.3746	9.4657	-32.3669
581	100	85	30	0	28.7282	-0.9584	-32.2963
582	100	70	30	0	32.9738	-10.6433	-31.9197
583	100	55	30	0	37.0706	-19.5843	-31.2985
584	100	40	30	0	41.1489	-28.0067	-30.5289
585	100	30	30	0	43.8515	-33.3516	-29.9654
586	100	20	30	0	46.5430	-38.4776	-29.3596
587	100	10	30	0	49.2040	-43.4237	-28.8449
588	100	0	30	0	51.8449	-48.0618	-28.2706
589	100	100	20	20	21.3462	9.9628	-32.0233
590	100	70	20	20	28.7921	-6.8177	-32.2352
591	100	40	20	20	35.7124	-21.3224	-31.7321
592	100	20	20	20	40.2209	-30.1951	-31.2850
593	100	10	20	20	42.4227	-34.3942	-31.0292
594	100	0	20	20	44.6070	-38.4786	-30.8391
595	0	100	100	0	47.3069	68.0226	45.9581
596	0	85	100	0	52.9147	56.5435	52.4032
597	0	70	100	0	58.4334	45.1572	58.8069
598	0	55	100	0	64.2657	34.0185	65.7028
599	0	40	100	0	70.4205	23.2540	72.8357
600	0	30	100	0	74.6545	16.3541	77.7231
601	0	20	100	0	79.0157	9.6542	82.7994
602	0	10	100	0	83.4185	3.0993	87.8597
603	0	0	100	0	87.9340	-3.1313	93.0477
604	0	100	85	0	47.4448	68.4991	38.8008
605	0	85	85	0	53.1031	56.7610	43.6199
606	0	70	85	0	58.7182	45.2199	48.7142
607	0	55	85	0	64.8023	33.9779	54.4838
608	0	40	85	0	71.0568	23.0433	60.5841
609	0	30	85	0	75.3840	16.0411	64.8540
610	0	20	85	0	79.7699	9.2201	69.2381
611	0	10	85	0	84.2812	2.5865	73.7726
612	0	0	85	0	88.8077	-3.6919	78.3982
613	0	100	70	0	47.6651	69.4207	31.6251
614	0	85	70	0	53.2898	57.3047	34.7816
615	0	70	70	0	59.1621	45.5987	38.7101
616	0	55	70	0	65.3047	34.2313	43.2507
617	0	40	70	0	71.7231	23.1986	48.3505
618	0	30	70	0	76.1156	16.0656	52.0082
619	0	20	70	0	80.6105	9.1820	55.8368
620	0	10	70	0	85.1644	2.5219	59.8096
621	0	0	70	0	89.7223	-3.8252	63.8501
622	0	100	40	20	39.7411	58.9061	12.5277
623	0	70	40	20	50.1036	38.6920	14.6987
624	0	40	40	20	60.9494	19.6773	19.5690
625	0	20	40	20	68.4482	7.8903	23.8252
626	0	10	40	20	72.2565	2.2636	26.1429
627	0	0	40	20	76.0287	-3.0730	28.5463
628	10	100	100	0	44.7139	62.6284	40.6783
629	10	85	100	0	49.9521	50.8369	46.7079
630	10	70	100	0	55.3540	39.3978	53.1520
631	10	55	100	0	61.0210	28.4566	59.8198
632	10	40	100	0	67.0200	17.7303	66.8292
633	10	30	100	0	71.1197	10.9461	71.6438
634	10	20	100	0	75.2691	4.3262	76.4408
635	10	10	100	0	79.5516	-2.1090	81.3662
636	10	0	100	0	83.8050	-8.1137	86.4124
637	10	100	85	0	44.7440	63.2133	33.5509
638	10	85	85	0	50.1326	51.1720	38.2141
639	10	70	85	0	55.7274	39.6075	43.3550
640	10	55	85	0	61.5853	28.4515	48.9718
641	10	40	85	0	67.6627	17.6628	54.9180
642	10	30	85	0	71.8313	10.7063	59.0507
643	10	20	85	0	76.0755	3.9698	63.2997
644	10	10	85	0	80.3746	-2.4771	67.6152
645	10	0	85	0	84.7195	-8.6443	72.1142
646	10	100	70	0	44.8239	63.9845	26.3115
647	10	85	70	0	50.3823	51.8208	29.5732
648	10	70	70	0	56.1394	40.1198	33.5023
649	10	55	70	0	62.1206	28.8223	37.9930
650	10	40	70	0	68.3291	17.9076	42.9623
651	10	30	70	0	72.5768	10.9028	46.4933
652	10	20	70	0	76.8805	4.1065	50.1305
653	10	10	70	0	81.2270	-2.4308	53.8883
654	10	0	70	0	85.6159	-8.6523	57.7939
655	10	100	40	20	37.6108	54.6676	8.4413
656	10	70	40	20	47.7795	34.3271	10.8072
657	10	40	40	20	58.3205	15.5320	15.5553
658	10	20	40	20	65.5389	3.8625	19.5634
659	10	10	40	20	69.1737	-1.6510	21.7302
660	10	0	40	20	72.8105	-6.8807	23.9927
661	20	100	100	0	41.9302	56.9581	35.1857
662	20	85	100	0	46.9724	44.9973	41.1588
663	20	70	100	0	52.3755	33.7375	47.6176
664	20	55	100	0	57.8983	22.8117	54.1689
665	20	40	100	0	63.6445	12.2846	60.9178
666	20	30	100	0	67.5808	5.5438	65.5006
667	20	20	100	0	71.5944	-0.9896	70.1811
668	20	10	100	0	75.6396	-7.2016	74.9169
669	20	0	100	0	79.7558	-13.1600	79.7049
670	20	100	85	0	41.9656	57.5654	28.3031
671	20	85	85	0	47.2701	45.5170	32.9672
672	20	70	85	0	52.7561	34.0052	38.0874
673	20	55	85	0	58.4292	22.9158	43.5460
674	20	40	85	0	64.3008	12.2858	49.3084
675	20	30	85	0	68.2970	5.4241	53.2720
676	20	20	85	0	72.3464	-1.1733	57.3160
677	20	10	85	0	76.4923	-7.5249	61.5314
678	20	0	85	0	80.6145	-13.5547	65.7441
679	20	100	70	0	42.0575	58.3978	21.1633
680	20	85	70	0	47.5346	46.2861	24.5308
681	20	70	70	0	53.1650	34.6367	28.4550
682	20	55	70	0	58.9679	23.4336	32.8365
683	20	40	70	0	64.9607	12.6644	37.6356
684	20	30	70	0	69.0327	5.7676	41.0066
685	20	20	70	0	73.1537	-0.9029	44.4649
686	20	10	70	0	77.3253	-7.3042	48.0611
687	20	0	70	0	81.5174	-13.4202	51.7936
688	20	100	40	20	35.4938	50.3076	4.5851
689	20	70	40	20	45.4867	29.9988	7.0529
690	20	40	40	20	55.6636	11.4213	11.5794
691	20	20	40	20	62.5904	-0.0448	15.3351
692	20	10	40	20	66.0584	-5.4561	17.3733
693	20	0	40	20	69.5096	-10.5934	19.4073
694	30	100	100	0	39.2338	51.0324	29.9326
695	30	85	100	0	44.2834	39.1664	35.9177
696	30	70	100	0	49.4187	27.8911	42.0872
697	30	55	100	0	54.7799	17.1070	48.5144
698	30	40	100	0	60.2993	6.7547	55.0200
699	30	30	100	0	64.0778	0.0943	59.4301
700	30	20	100	0	67.9121	-6.3226	63.9011
701	30	10	100	0	71.7998	-12.4165	68.4410
702	30	0	100	0	75.7114	-18.2541	73.0485
703	30	100	85	0	39.2921	51.7295	23.2004
704	30	85	85	0	44.4952	39.7174	27.8781
705	30	70	85	0	49.8223	28.2738	32.8859
706	30	55	85	0	55.3072	17.3056	38.1894
707	30	40	85	0	60.9465	6.8352	43.7407
708	30	30	85	0	64.7912	0.1013	47.5441
709	30	20	85	0	68.6886	-6.3732	51.4370
710	30	10	85	0	72.6015	-12.6181	55.3960
711	30	0	85	0	76.5353	-18.4339	59.4056
712	30	100	70	0	39.3932	52.6916	16.2421
713	30	85	70	0	44.7670	40.6037	19.6311
714	30	70	70	0	50.2424	29.0414	23.4983
715	30	55	70	0	55.8643	17.9581	27.7638
716	30	40	70	0	61.6304	7.3813	32.3687
717	30	30	70	0	65.5332	0.5943	35.5782
718	30	20	70	0	69.4618	-5.9353	38.8534
719	30	10	70	0	73.4586	-12.2136	42.2926
720	30	0	70	0	77.4319	-18.1961	45.7685
721	40	100	40	20	31.4236	41.0695	-3.0420
722	40	70	40	20	40.9244	21.0769	-0.4454
723	40	40	40	20	50.3804	3.0706	3.6739
724	40	20	40	20	56.6693	-7.8798	6.9040
725	40	10	40	20	59.8465	-13.0561	8.6003
726	40	0	40	20	62.9641	-17.9301	10.3473
727	40	100	100	0	36.6364	44.7550	24.8101
728	40	85	100	0	41.5809	33.0119	30.6925
729	40	70	100	0	46.5737	21.8629	36.7354
730	40	55	100	0	51.7028	11.1885	42.8265
731	40	40	100	0	57.0139	0.9555	49.0996
732	40	30	100	0	60.6117	-5.4895	53.3337
733	40	20	100	0	64.2686	-11.7524	57.6044
734	40	10	100	0	67.9692	-17.7935	61.9049
735	40	0	100	0	71.6860	-23.4214	66.3534
736	40	100	85	0	36.7210	45.5770	18.3006
737	40	85	85	0	41.8167	33.6408	22.8919
738	40	70	85	0	46.9883	22.3517	27.7836
739	40	55	85	0	52.2373	11.5411	32.8744
740	40	40	85	0	57.6581	1.2430	38.1757
741	40	30	85	0	61.3005	-5.3612	41.7808
742	40	20	85	0	65.0191	-11.7037	45.5025
743	40	10	85	0	68.7511	-17.8314	49.2364
744	40	0	85	0	72.4856	-23.5153	53.0563
745	40	100	70	0	36.8476	46.6919	11.5168
746	40	85	70	0	42.0954	34.6282	14.8484
747	40	70	70	0	47.4217	23.2313	18.6436
748	40	55	70	0	52.7979	12.3338	22.7014
749	40	40	70	0	58.3121	1.9397	27.0899
750	40	30	70	0	62.0452	-4.7090	30.1400
751	40	20	70	0	65.7984	-11.0967	33.2425
752	40	10	70	0	69.5933	-17.2546	36.4707
753	40	0	70	0	73.3661	-23.0253	39.7115
754	70	100	40	20	25.9471	25.1451	-13.7918
755	70	70	40	20	34.4247	6.2346	-11.5110
756	70	40	40	20	42.5543	-10.5091	-8.3351
757	70	20	40	20	47.9145	-20.6329	-5.9437
758	70	10	40	20	50.5692	-25.3965	-4.7179
759	70	0	40	20	53.1788	-29.9141	-3.5081
760	55	100	100	0	33.0069	34.7383	17.4061
761	55	85	100	0	37.6932	23.1032	22.9782
762	55	70	100	0	42.4230	12.1447	28.6554
763	55	55	100	0	47.2299	1.7527	34.3398
764	55	40	100	0	52.1313	-8.1580	40.1172
765	55	30	100	0	55.4822	-14.4424	44.0651
766	55	20	100	0	58.8617	-20.5533	47.9960
767	55	10	100	0	62.2439	-26.4155	51.8753
768	55	0	100	0	65.6539	-31.8233	55.9985
769	55	100	85	0	33.1032	35.6652	11.1640
770	55	85	85	0	37.9487	23.9252	15.5169
771	55	70	85	0	42.8359	12.8489	20.1561
772	55	55	85	0	47.7663	2.3272	24.8967
773	55	40	85	0	52.7735	-7.6832	29.7845
774	55	30	85	0	56.1613	-14.0847	33.0895
775	55	20	85	0	59.5878	-20.1976	36.4601
776	55	10	85	0	63.0247	-26.1320	39.8720
777	55	0	85	0	66.4546	-31.7345	43.3252
778	55	100	70	0	33.2218	36.9848	4.6159
779	55	85	70	0	38.2668	25.1483	7.8531
780	55	70	70	0	43.2580	13.9615	11.3504
781	55	55	70	0	48.3106	3.3718	15.1608
782	55	40	70	0	53.4371	-6.6789	19.1823
783	55	30	70	0	56.8893	-13.1024	21.9423
784	55	20	70	0	60.3586	-19.2798	24.7597
785	55	10	70	0	63.8426	-25.1711	27.6531
786	55	0	70	0	67.3162	-30.7881	30.5894
787	100	100	40	20	21.2251	5.4886	-24.2869
788	100	70	40	20	28.3163	-11.8833	-22.9462
789	100	40	40	20	34.8959	-26.8410	-21.0432
790	100	20	40	20	39.1976	-35.9595	-19.6506
791	100	10	40	20	41.3170	-40.2677	-18.9070
792	100	0	40	20	43.4077	-44.4623	-18.1490
793	70	100	100	0	29.6024	23.4174	10.0230
794	70	85	100	0	34.0447	12.0367	15.2773
795	70	70	100	0	38.3922	1.3726	20.4355
796	70	55	100	0	42.8318	-8.7172	25.6713
797	70	40	100	0	47.3590	-18.2932	30.9161
798	70	30	100	0	50.4008	-24.3992	34.4421
799	70	20	100	0	53.4938	-30.2637	38.0497
800	70	10	100	0	56.5873	-35.8662	41.5834
801	70	0	100	0	59.6726	-41.3042	45.1564
802	70	100	85	0	29.7469	24.5863	4.1931
803	70	85	85	0	34.3015	13.0727	8.2754
804	70	70	85	0	38.8310	2.3344	12.4996
805	70	55	85	0	43.3736	-7.8764	16.7837
806	70	40	85	0	47.9811	-17.5296	21.1936
807	70	30	85	0	51.0982	-23.6975	24.2121
808	70	20	85	0	54.2162	-29.5646	27.2333
809	70	10	85	0	57.3432	-35.2416	30.3100
810	70	0	85	0	60.4586	-40.5897	33.3866
811	70	100	70	0	29.8724	26.1798	-2.0814
812	70	85	70	0	34.6051	14.6818	0.9046
813	70	70	70	0	39.2683	3.7627	4.1141
814	70	55	70	0	43.9390	-6.4455	7.5505
815	70	40	70	0	48.6439	-16.1731	11.1311
816	70	30	70	0	51.8084	-22.3132	13.6010
817	70	20	70	0	54.9822	-28.2175	16.1272
818	70	10	70	0	58.1530	-33.8946	18.6721
819	70	0	70	0	61.3014	-39.3093	21.2509
820	0	100	70	20	39.5507	56.7485	24.9261
821	0	70	70	20	49.3096	36.9417	31.3201
822	0	40	70	20	59.7147	18.2342	39.5573
823	0	20	70	20	66.9431	6.5959	45.6159
824	0	10	70	20	70.6090	1.0567	48.8126
825	0	0	70	20	74.2896	-4.2098	52.1859
826	85	100	100	0	26.4750	10.6447	2.7371
827	85	85	100	0	30.5010	-0.4015	7.3790
828	85	70	100	0	34.5438	-10.7866	12.0801
829	85	55	100	0	38.5645	-20.5240	16.7159
830	85	40	100	0	42.6201	-29.7479	21.3110
831	85	30	100	0	45.3812	-35.5577	24.4934
832	85	20	100	0	48.1266	-41.2607	27.5699
833	85	10	100	0	50.9088	-46.6832	30.7276
834	85	0	100	0	53.7560	-51.6137	34.2643
835	85	100	85	0	26.6224	12.1482	-2.7530
836	85	85	85	0	30.8313	0.9229	0.9044
837	85	70	85	0	34.9635	-9.4498	4.6504
838	85	55	85	0	39.0850	-19.3352	8.4287
839	85	40	85	0	43.2502	-28.5681	12.3001
840	85	30	85	0	46.0447	-34.4372	14.9206
841	85	20	85	0	48.8446	-40.1435	17.5417
842	85	10	85	0	51.6531	-45.5708	20.2561
843	85	0	85	0	54.4556	-50.7151	22.9360
844	85	100	70	0	26.7578	14.0425	-8.6954
845	85	85	70	0	31.1333	2.8261	-6.0700
846	85	70	70	0	35.4282	-7.5862	-3.2134
847	85	55	70	0	39.6617	-17.3962	-0.2398
848	85	40	70	0	43.9050	-26.6415	2.8578
849	85	30	70	0	46.7446	-32.5885	4.9497
850	85	20	70	0	49.6088	-38.2184	7.1541
851	85	10	70	0	52.4448	-43.6278	9.3396
852	85	0	70	0	55.2824	-48.7588	11.6297
853	10	100	70	20	37.4107	52.2670	20.7300
854	10	70	70	20	47.0368	32.3671	27.1980
855	10	40	70	20	57.0856	13.7932	35.2268
856	10	20	70	20	64.0233	2.3246	41.0541
857	10	10	70	20	67.5559	-3.1520	44.1235
858	10	0	70	20	71.0740	-8.3018	47.2875
859	100	100	100	0	23.5030	-3.9219	-4.8546
860	100	85	100	0	27.1054	-14.6075	-0.8035
861	100	70	100	0	30.7149	-24.5936	3.2920
862	100	55	100	0	34.2851	-33.9453	7.1418
863	100	40	100	0	37.8237	-42.8034	11.0578
864	100	30	100	0	40.2719	-48.3661	13.8333
865	100	20	100	0	42.6845	-53.8877	16.3951
866	100	10	100	0	45.1439	-59.1095	19.1400
867	100	0	100	0	47.6767	-63.6904	22.3868
868	100	100	85	0	23.6428	-2.1001	-9.7440
869	100	85	85	0	27.4480	-12.8548	-6.6925
870	100	70	85	0	31.1522	-22.8107	-3.5616
871	100	55	85	0	34.8242	-32.2128	-0.3198
872	100	40	85	0	38.4914	-41.0415	2.9208
873	100	30	85	0	40.9355	-46.6411	5.1009
874	100	20	85	0	43.4014	-52.1265	7.2538
875	100	10	85	0	45.8912	-57.3438	9.5886
876	100	0	85	0	48.3877	-62.0979	12.1511
877	100	100	70	0	23.8509	0.3456	-15.4437
878	100	85	70	0	27.8288	-10.4665	-13.2340
879	100	70	70	0	31.6406	-20.4263	-10.8637
880	100	55	70	0	35.3916	-29.7027	-8.3954
881	100	40	70	0	39.1601	-38.5206	-5.8390
882	100	30	70	0	41.6586	-44.1082	-4.0953
883	100	20	70	0	44.1682	-49.5147	-2.3612
884	100	10	70	0	46.6987	-54.7112	-0.5148
885	100	0	70	0	49.1889	-59.4980	1.4827
886	20	100	70	20	35.2540	47.7714	16.6257
887	20	70	70	20	44.7105	27.7880	23.1227
888	20	40	70	20	54.4211	9.4734	30.8669
889	20	20	70	20	61.1027	-1.8670	36.4847
890	20	10	70	20	64.4740	-7.2256	39.4309
891	20	0	70	20	67.8203	-12.3022	42.2891
892	0	100	100	40	31.6393	43.3298	28.1708
893	0	70	100	40	38.9568	28.1000	37.4676
894	0	40	100	40	46.7112	13.4326	46.8375
895	0	20	100	40	52.0871	4.2357	53.0722
896	0	0	100	40	57.5396	-4.3127	59.3581
897	0	100	70	40	31.7877	44.9097	19.1276
898	0	70	70	40	39.6779	28.9354	24.5515
899	0	40	70	40	47.7796	14.0712	31.0767
900	0	20	70	40	53.4065	4.6138	35.8355
901	0	0	70	40	59.0551	-4.0896	40.7356
902	0	100	40	40	31.9093	47.0545	9.2456
903	0	70	40	40	40.2454	30.8273	11.2058
904	0	40	40	40	48.7558	15.5650	15.1908
905	0	20	40	40	54.5988	5.9904	18.5485
906	0	0	40	40	60.4451	-2.8997	22.2129
907	0	100	20	40	31.9714	48.9201	2.6314
908	0	70	20	40	40.6016	32.4303	2.4888
909	0	40	20	40	49.4152	17.0787	4.8992
910	0	20	20	40	55.4333	7.4328	7.3822
911	0	0	20	40	61.4666	-1.5206	10.2080
912	0	100	0	40	31.9431	51.1816	-3.6641
913	0	70	0	40	40.9191	34.5419	-5.9659
914	0	40	0	40	50.0880	18.9879	-4.9192
915	0	20	0	40	56.3474	9.3340	-3.3654
916	0	0	0	40	62.5665	0.3460	-1.3701
917	100	0	0	70	24.5215	-17.0290	-22.6341
918	100	85	85	100	10.3777	-1.1946	2.3017
919	40	100	70	20	31.1768	38.1771	8.7787
920	40	70	70	20	40.1629	18.4082	15.1154
921	40	40	70	20	49.1656	0.5687	22.2363
922	40	20	70	20	55.2569	-10.3321	27.3041
923	40	10	70	20	58.2929	-15.4640	29.9036
924	40	0	70	20	61.3116	-20.3299	32.5101
925	20	100	100	40	28.5203	35.5679	21.1964
926	20	70	100	40	35.6630	20.0839	30.3928
927	20	40	100	40	42.9191	5.7467	39.3690
928	20	20	100	40	47.8838	-3.1784	45.2201
929	20	0	100	40	52.8830	-11.3447	50.9831
930	20	100	70	40	28.6311	37.5931	12.6066
931	20	70	70	40	36.2690	21.5160	18.0827
932	20	40	70	40	43.8969	6.7857	24.2596
933	20	20	70	40	49.0632	-2.3610	28.6463
934	20	0	70	40	54.2421	-10.7999	33.0303
935	20	100	40	40	28.7267	40.1618	3.0046
936	20	70	40	40	36.8002	23.7312	5.1710
937	20	40	40	40	44.7907	8.7349	8.8920
938	20	20	40	40	50.1782	-0.5507	11.8366
939	20	0	40	40	55.5076	-9.1133	14.9300
940	20	100	20	40	28.8160	42.1637	-3.5012
941	20	70	20	40	37.1611	25.5267	-3.2843
942	20	40	20	40	45.4561	10.4561	-1.1327
943	20	20	20	40	50.9920	1.1570	0.9224
944	20	0	20	40	56.4875	-7.4377	3.1318
945	20	100	0	40	28.8129	44.4690	-9.7498
946	20	70	0	40	37.4930	27.8761	-11.5447
947	20	40	0	40	46.1124	12.7625	-10.7841
948	20	20	0	40	51.8718	3.4369	-9.6483
949	20	0	0	40	57.5516	-5.1660	-8.3150
950	0	100	0	70	20.5806	32.5205	-1.8985
951	100	85	85	80	13.5692	-4.2583	-1.2960
952	70	100	70	20	25.7287	21.4281	-2.2581
953	70	70	70	20	33.6988	2.3715	3.1345
954	70	40	70	20	41.4208	-14.3869	8.9696
955	70	20	70	20	46.5504	-24.5514	13.0763
956	70	10	70	20	49.1111	-29.3601	15.1314
957	70	0	70	20	51.6480	-33.9475	17.2125
958	40	100	100	40	25.4936	27.7888	14.8424
959	40	70	100	40	32.3824	12.3375	23.5690
960	40	40	100	40	39.0833	-1.6337	31.8146
961	40	20	100	40	43.6177	-10.2575	37.1857
962	40	0	100	40	48.1469	-18.2424	42.6680
963	40	100	70	40	25.5909	30.0387	6.4396
964	40	70	70	40	32.8713	14.0336	11.7982
965	40	40	70	40	39.9299	-0.3582	17.4630
966	40	20	70	40	44.6073	-9.1504	21.3713
967	40	0	70	40	49.2859	-17.2581	25.3781
968	40	100	40	40	25.6688	32.8194	-2.9960
969	40	70	40	40	33.3453	16.5415	-0.7643
970	40	40	40	40	40.7539	2.0411	2.5555
971	40	20	40	40	45.6540	-6.8902	5.0572
972	40	0	40	40	50.4915	-15.1245	7.6348
973	40	100	20	40	25.7280	34.9870	-9.4588
974	40	70	20	40	33.6800	18.6678	-9.1024
975	40	40	20	40	41.3721	4.1117	-7.2284
976	40	20	20	40	46.4331	-4.8090	-5.5968
977	40	0	20	40	51.4067	-13.0368	-3.9435
978	40	100	0	40	25.7147	37.5299	-15.7444
979	40	70	0	40	34.0185	21.2544	-17.0767
980	40	40	0	40	42.0166	6.7672	-16.6882
981	40	20	0	40	47.2945	-2.1167	-15.9328
982	40	0	0	40	52.4548	-10.3470	-15.2312
983	0	0	100	70	35.6104	-4.2463	34.3811
984	100	85	85	60	17.0822	-6.9173	-3.7007
985	100	100	70	20	20.9996	0.0336	-13.4468
986	100	70	70	20	27.5950	-17.5660	-9.5443
987	100	40	70	20	33.7602	-32.9255	-5.5134
988	100	20	70	20	37.8870	-42.3553	-2.6244
989	100	10	70	20	39.9290	-46.8331	-1.1207
990	100	0	70	20	41.9480	-51.1323	0.3945
991	70	100	100	40	21.4686	14.4051	5.7457
992	70	70	100	40	27.5180	-0.6860	13.1150
993	70	40	100	40	33.2639	-14.0163	19.9518
994	70	20	100	40	37.1507	-22.1524	24.5983
995	70	0	100	40	40.9790	-29.7769	29.2523
996	70	100	70	40	21.4890	16.8622	-2.1721
997	70	70	70	40	27.9551	1.4241	2.2260
998	70	40	70	40	34.0025	-12.0730	6.8532
999	70	20	70	40	38.0153	-20.4470	10.0011
1000	70	0	70	40	41.9831	-28.1335	13.2372
1001	70	100	40	40	21.5926	20.1333	-11.6174
1002	70	70	40	40	28.3960	4.6706	-9.7382
1003	70	40	40	40	34.7625	-8.8831	-7.2047
1004	70	20	40	40	38.9150	-17.1775	-5.3759
1005	70	0	40	40	43.0361	-24.9317	-3.4385
1006	70	100	20	40	21.5871	22.7650	-18.0869
1007	70	70	20	40	28.6895	7.5170	-17.7419
1008	70	40	20	40	35.3476	-5.9839	-16.5335
1009	70	20	20	40	39.6522	-14.1875	-15.5409
1010	70	0	20	40	43.8894	-21.7904	-14.5678
1011	70	100	0	40	21.5267	25.9104	-24.4100
1012	70	70	0	40	28.9891	10.7962	-25.6384
1013	70	40	0	40	35.9390	-2.4022	-25.6174
1014	70	20	0	40	40.5078	-10.4225	-25.4300
1015	70	0	0	40	44.8928	-17.9713	-25.4410
1016	100	100	0	70	13.2471	8.3867	-20.3240
1017	80	65	65	100	10.3444	-0.9854	1.5776
1018	0	100	100	20	39.4389	55.3960	37.0361
1019	0	70	100	20	48.5698	36.1305	47.8729
1020	0	40	100	20	58.4785	18.0152	59.6853
1021	0	20	100	20	65.4443	6.5659	67.7785
1022	0	10	100	20	68.9866	1.1604	71.8579
1023	0	0	100	20	72.5748	-3.9765	76.1550
1024	100	100	100	40	17.9303	-3.1733	-3.9363
1025	100	70	100	40	22.8815	-17.3304	1.3754
1026	100	40	100	40	27.4006	-29.7436	6.2970
1027	100	20	100	40	30.5113	-37.6202	9.6600
1028	100	0	100	40	33.7102	-45.0831	13.4818
1029	100	100	70	40	18.0784	-0.0157	-11.0054
1030	100	70	70	40	23.3262	-14.3527	-8.1051
1031	100	40	70	40	28.1390	-26.8904	-5.0366
1032	100	20	70	40	31.3454	-34.6928	-2.8058
1033	100	0	70	40	34.5787	-42.0544	-0.3555
1034	100	100	40	40	18.1596	4.4104	-20.1246
1035	100	70	40	40	23.7971	-9.7829	-19.1966
1036	100	40	40	40	28.9262	-21.9620	-17.7087
1037	100	20	40	40	32.2873	-29.6053	-16.5667
1038	100	0	40	40	35.6441	-36.9114	-15.3531
1039	100	100	20	40	18.2192	8.0449	-26.5776
1040	100	70	20	40	24.1045	-5.7727	-26.8178
1041	100	40	20	40	29.5101	-17.6087	-26.3290
1042	100	20	20	40	33.0035	-24.9070	-26.0013
1043	100	0	20	40	36.4841	-32.0229	-25.6478
1044	100	100	0	40	18.0004	12.4264	-33.0330
1045	100	70	0	40	24.4314	-0.9564	-34.2492
1046	100	40	0	40	30.1327	-12.3751	-34.8056
1047	100	20	0	40	33.8604	-19.3747	-35.2392
1048	100	0	0	40	37.5360	-26.0417	-35.8298
1049	100	0	100	70	22.9762	-28.9870	7.8109
1050	80	65	65	80	15.9750	-2.6558	-0.5766
1051	10	100	100	20	37.1538	50.5535	32.2628
1052	10	70	100	20	46.2975	31.2880	43.4614
1053	10	40	100	20	55.8365	13.2960	54.8555
1054	10	20	100	20	62.5579	2.0070	62.7186
1055	10	10	100	20	65.9401	-3.2230	66.6922
1056	10	0	100	20	69.4342	-8.3069	70.8068
1057	0	100	100	60	24.3680	31.4456	19.8745
1058	0	70	100	60	29.7016	20.2257	27.2435
1059	0	40	100	60	35.1979	9.2229	33.9668
1060	0	20	100	60	38.9749	2.3724	38.4340
1061	0	0	100	60	42.7150	-4.1477	42.6729
1062	0	100	70	60	24.4128	33.0373	13.9289
1063	0	70	70	60	30.2937	21.2796	18.0814
1064	0	40	70	60	36.0185	10.1243	22.8544
1065	0	20	70	60	40.0365	2.9414	26.0603
1066	0	0	70	60	44.0975	-3.7722	29.5275
1067	0	100	40	60	24.3922	35.2262	6.9225
1068	0	70	40	60	30.5185	22.9602	8.3514
1069	0	40	40	60	36.6773	11.5388	11.2110
1070	0	20	40	60	40.8430	4.2625	13.5908
1071	0	0	40	60	45.0192	-2.5416	16.1075
1072	0	100	20	60	24.3841	36.8639	1.9947
1073	0	70	20	60	30.6734	24.5413	1.7708
1074	0	40	20	60	37.0528	12.9155	3.5892
1075	0	20	20	60	41.3513	5.5879	5.4045
1076	0	0	20	60	45.6365	-1.3471	7.3967
1077	0	100	0	60	24.3050	38.9667	-2.7194
1078	0	70	0	60	30.8027	26.5323	-4.5164
1079	0	40	0	60	37.4232	14.6770	-3.6662
1080	0	20	0	60	41.8889	7.3088	-2.4041
1081	0	0	0	60	46.3659	0.3615	-0.9720
1082	0	100	100	70	20.9908	25.5106	15.7809
1083	80	65	65	60	21.6926	-4.0615	-1.8513
1084	20	100	100	20	35.0711	45.9605	27.9800
1085	20	70	100	20	43.9565	26.5611	38.8961
1086	20	40	100	20	53.2448	8.6806	50.1083
1087	20	20	100	20	59.7009	-2.3716	57.6589
1088	20	10	100	20	62.9425	-7.5777	61.4507
1089	20	0	100	20	66.2219	-12.5253	65.3221
1090	20	100	100	60	22.3308	25.3143	14.8817
1091	20	70	100	60	27.5415	13.8406	22.0296
1092	20	40	100	60	32.7163	3.1801	28.6384
1093	20	20	100	60	36.1962	-3.6171	32.8175
1094	20	0	100	60	39.7358	-9.9055	36.8933
1095	20	100	70	60	22.3014	27.4173	9.1320
1096	20	70	70	60	27.9526	15.3860	13.3192
1097	20	40	70	60	33.3787	4.4461	17.7708
1098	20	20	70	60	37.0363	-2.5436	20.8307
1099	20	0	70	60	40.7445	-9.0189	23.8946
1100	20	100	40	60	22.2184	29.8580	2.2512
1101	20	70	40	60	28.1583	17.4933	3.8147
1102	20	40	40	60	33.8698	6.2550	6.4291
1103	20	20	40	60	37.7192	-0.8164	8.4834
1104	20	0	40	60	41.5236	-7.4279	10.6267
1105	20	100	20	60	22.1834	31.6802	-2.6195
1106	20	70	20	60	28.3051	19.2094	-2.5444
1107	20	40	20	60	34.2267	7.8486	-0.9948
1108	20	20	20	60	38.2067	0.6506	0.4574
1109	20	0	20	60	42.1318	-5.9941	1.9773
1110	20	100	0	60	22.0878	33.8592	-7.2598
1111	20	70	0	60	28.4533	21.2209	-8.5901
1112	20	40	0	60	34.6302	9.7975	-8.0637
1113	20	20	0	60	38.7248	2.5896	-7.2404
1114	20	0	0	60	42.7889	-4.0846	-6.3487
1115	40	40	0	70	26.4479	4.3912	-10.3287
1116	80	65	65	40	27.4298	-5.2230	-2.3765
1117	40	100	100	20	31.0035	36.0096	19.6875
1118	40	70	100	20	39.4637	16.7646	30.1129
1119	40	40	100	20	48.0584	-0.6285	40.5006
1120	40	20	100	20	53.9295	-11.2837	47.4204
1121	40	10	100	20	56.9213	-16.2806	50.9773
1122	40	0	100	20	59.8562	-21.0424	54.4733
1123	40	100	100	60	20.2776	19.5483	10.3478
1124	40	70	100	60	25.3416	8.0752	17.1021
1125	40	40	100	60	30.0519	-2.3392	23.1043
1126	40	20	100	60	33.2776	-8.8767	27.0796
1127	40	0	100	60	36.4969	-14.9834	30.8616
1128	40	100	70	60	20.1933	21.8306	4.7883
1129	40	70	70	60	25.5196	9.8617	8.6714
1130	40	40	70	60	30.6144	-0.9002	12.7499
1131	40	20	70	60	33.9757	-7.6037	15.4894
1132	40	0	70	60	37.2498	-13.8954	18.3497
1133	40	100	40	60	20.0593	24.3836	-2.3000
1134	40	70	40	60	25.7097	12.0633	-0.6305
1135	40	40	40	60	31.0024	1.1945	1.6684
1136	40	20	40	60	34.5253	-5.6078	3.3874
1137	40	0	40	60	38.0048	-11.9661	5.1556
1138	40	100	20	60	20.0196	26.3427	-7.1166
1139	40	70	20	60	25.8412	13.9598	-6.8888
1140	40	40	20	60	31.3143	2.9663	-5.6052
1141	40	20	20	60	34.9266	-3.8709	-4.5282
1142	40	0	20	60	38.4949	-10.3243	-3.4430
1143	40	100	0	60	19.8677	28.6974	-11.8427
1144	40	70	0	60	25.9370	16.1530	-12.8560
1145	40	40	0	60	31.6795	5.1549	-12.5731
1146	40	20	0	60	35.4616	-1.7249	-12.0718
1147	40	0	0	60	39.1939	-8.2398	-11.6316
1148	40	0	40	70	31.7117	-10.2781	3.9638
1149	60	45	45	100	10.7033	-0.8554	0.2785
1150	70	100	100	20	25.5392	18.6866	7.8171
1151	70	70	100	20	33.0390	0.0996	16.8171
1152	70	40	100	20	40.4010	-16.4022	25.5049
1153	70	20	100	20	45.3286	-26.4416	31.2507
1154	70	10	100	20	47.8223	-31.2049	34.1483
1155	70	0	100	20	50.3047	-35.7533	37.0836
1156	70	100	100	60	17.5164	10.0098	3.9253
1157	70	70	100	60	21.9166	-1.1658	9.5745
1158	70	40	100	60	26.0095	-11.1067	14.5497
1159	70	20	100	60	28.7793	-17.4061	17.6430
1160	70	0	100	60	31.5580	-23.3646	21.2652
1161	70	100	70	60	17.3907	12.2908	-1.5588
1162	70	70	70	60	22.0821	0.7446	1.6574
1163	70	40	70	60	26.3939	-9.4436	4.8137
1164	70	20	70	60	29.2792	-15.8127	7.0922
1165	70	0	70	60	32.1612	-21.8865	9.4457
1166	70	100	40	60	17.2240	15.0760	-8.5978
1167	70	70	40	60	22.2177	3.4009	-7.3919
1168	70	40	40	60	26.7602	-6.8409	-5.6785
1169	70	20	40	60	29.7507	-13.2445	-4.4240
1170	70	0	40	60	32.6818	-19.3361	-3.1951
1171	70	100	20	60	17.1814	17.2681	-13.5838
1172	70	70	20	60	22.3058	5.5874	-13.5193
1173	70	40	20	60	27.0585	-4.5952	-12.7069
1174	70	20	20	60	30.1178	-10.8697	-12.0913
1175	70	0	20	60	33.2529	-17.0984	-11.4142
1176	70	100	0	60	17.0155	19.9335	-18.3966
1177	70	70	0	60	22.4199	8.3368	-19.3442
1178	70	40	0	60	27.4106	-1.7332	-19.4663
1179	70	20	0	60	30.6599	-8.0491	-19.4070
1180	70	0	0	60	33.9012	-14.1575	-19.4794
1181	0	40	40	70	30.6476	9.5177	9.2007
1182	60	45	45	80	18.9771	-1.9574	-1.0662
1183	100	100	100	20	20.7468	-3.6421	-4.4000
1184	100	70	100	20	26.8681	-21.1335	2.4058
1185	100	40	100	20	32.7155	-36.4758	8.7998
1186	100	20	100	20	36.7145	-45.8583	13.1423
1187	100	10	100	20	38.6505	-50.4370	15.3414
1188	100	0	100	20	40.6840	-54.7530	17.7152
1189	100	100	100	60	15.1737	-2.3760	-2.8825
1190	100	70	100	60	18.6885	-12.9530	0.6447
1191	100	40	100	60	21.8922	-22.2840	3.8754
1192	100	20	100	60	24.1378	-28.3872	6.3718
1193	100	0	100	60	26.5861	-34.5692	9.5698
1194	100	100	70	60	15.1468	0.0813	-7.9420
1195	100	70	70	60	18.9106	-10.7055	-6.1494
1196	100	40	70	60	22.3150	-20.2585	-4.2033
1197	100	20	70	60	24.6261	-26.3382	-2.6682
1198	100	0	70	60	27.0939	-32.3273	-0.6453
1199	100	100	40	60	15.0214	3.4910	-14.9680
1200	100	70	40	60	19.1008	-7.2093	-14.6246
1201	100	40	40	60	22.7055	-16.5125	-13.8141
1202	100	20	40	60	25.1648	-22.4420	-12.9828
1203	100	0	40	60	27.6987	-28.4880	-12.0212
1204	100	100	20	60	14.9495	6.2811	-20.0728
1205	100	70	20	60	19.2322	-4.1545	-20.4965
1206	100	40	20	60	23.0688	-13.2082	-20.2632
1207	100	20	20	60	25.5718	-18.9183	-20.0903
1208	100	0	20	60	28.2266	-24.6971	-19.7069
1209	100	100	0	60	14.8699	9.6496	-24.8466
1210	100	70	0	60	19.3966	-0.4526	-26.0386
1211	100	40	0	60	23.4139	-8.9607	-26.6374
1212	100	20	0	60	26.1673	-14.7140	-26.9139
1213	100	0	0	60	28.9403	-20.1850	-27.3540
1214	0	0	0	0	95.0987	1.1259	-1.1213
1215	60	45	45	60	27.2636	-2.8276	-1.7909
1216	40	27	27	60	33.5358	-2.1795	-2.2625
1217	20	12	12	80	26.3465	-1.0556	-1.5397
1218	10	6	6	20	72.8165	-0.4935	-2.1627
1219	0	100	0	100	10.5893	11.8624	2.5216
1220	0	40	0	100	12.2583	4.8886	-0.1228
1221	0	0	0	100	14.0728	0.0214	0.0029
1222	0	100	40	80	17.4223	22.4440	5.3055
1223	0	70	40	80	21.0630	14.6924	5.9316
1224	0	40	40	80	24.6954	7.3941	7.3890
1225	0	0	40	80	29.6046	-2.1082	9.8677
1226	0	100	0	80	16.9788	25.9906	-0.7295
1227	0	70	0	80	20.8869	17.7600	-2.2706
1228	0	40	0	80	24.7637	10.1063	-1.9908
1229	0	0	0	80	30.1915	0.2430	-0.4047
1230	3	40	3	40	49.4126	17.7231	-4.3942
1231	40	40	3	40	41.9213	6.3438	-15.2916
1232	3	0	40	40	59.7156	-3.8634	21.1158
1233	0	3	40	40	59.5752	-1.6221	21.6549
1234	3	3	40	40	58.8681	-2.5935	20.5862
1235	40	3	40	40	49.7733	-13.9414	7.2463
1236	3	40	40	40	48.2037	14.5019	14.2629
1237	7	7	0	0	88.8730	2.7434	-5.7384
1238	7	0	7	0	91.6224	-2.6600	1.4169
1239	0	7	7	0	91.0295	4.6505	3.8383
1240	7	7	7	0	88.2763	1.7541	0.2638
1241	7	0	0	7	86.7281	-1.7859	-4.7030
1242	0	7	0	7	86.1329	5.0559	-2.3199
1243	7	7	0	7	83.5883	2.3562	-5.6258
1244	0	0	7	7	88.7893	-0.0476	4.5518
1245	7	0	7	7	86.1352	-2.7398	1.0811
1246	0	7	7	7	85.5770	4.1663	3.3495
1247	7	7	7	7	83.0349	1.3939	0.0055
1248	60	45	45	40	35.4773	-3.4174	-2.0507
1249	40	27	27	40	44.4049	-2.5507	-2.5744
1250	20	12	12	60	40.0117	-1.3471	-2.1450
1251	10	6	6	10	80.2263	-0.2935	-2.1225
1252	40	100	0	100	8.9168	8.9678	-0.0604
1253	40	40	0	100	10.6970	1.9479	-2.9344
1254	40	0	0	100	12.2341	-2.6727	-3.6627
1255	40	100	40	80	14.7646	15.4304	-0.6651
1256	40	70	40	80	18.1294	7.4180	0.0143
1257	40	40	40	80	21.2123	0.5014	1.0273
1258	40	0	40	80	25.3986	-8.5164	2.8343
1259	40	100	0	80	14.3085	19.1356	-6.5066
1260	40	70	0	80	17.9021	10.8262	-7.8306
1261	40	40	0	80	21.1775	3.5885	-8.0139
1262	40	0	0	80	25.7333	-5.6711	-7.8340
1263	0	3	40	3	88.0391	-1.0832	33.3977
1264	3	3	40	3	86.8597	-2.4244	31.7733
1265	40	3	40	3	72.3994	-18.3904	12.0570
1266	0	40	40	3	71.3320	23.7131	23.6052
1267	3	40	40	3	70.3456	22.2500	22.1144
1268	40	40	40	3	58.4079	4.3961	4.7147
1269	3	0	0	40	61.8325	-0.5322	-2.4062
1270	0	3	0	40	61.6425	1.6553	-1.6749
1271	3	3	0	40	60.9155	0.7803	-2.7066
1272	40	3	0	40	51.7048	-9.1619	-15.3000
1273	3	40	0	40	49.5365	18.0602	-5.8286
1274	0	0	3	40	62.3981	0.0370	0.3389
1275	3	0	3	40	61.6620	-0.8551	-0.7041
1276	40	0	3	40	52.2947	-10.7908	-13.5617
1277	0	3	3	40	61.4776	1.3309	0.0118
1278	3	3	3	40	60.7403	0.4431	-1.0520
1279	40	3	3	40	51.5234	-9.5496	-13.6669
1280	0	40	3	40	50.0127	18.6354	-3.5216
1281	60	45	45	20	43.5057	-3.6650	-2.0336
1282	40	27	27	20	55.1069	-2.6013	-2.7324
1283	20	12	12	40	53.5792	-1.5494	-2.6181
1284	100	85	85	0	27.4555	-12.8759	-6.6962
1285	100	100	0	100	9.6463	4.1391	-2.9728
1286	100	40	0	100	9.3938	0.9570	-6.6093
1287	100	0	0	100	11.2582	-4.9474	-6.8396
1288	70	100	40	80	13.1132	9.6995	-4.4960
1289	70	70	40	80	16.0016	2.2055	-4.3000
1290	70	40	40	80	18.5538	-4.3582	-3.7097
1291	70	0	40	80	22.2548	-13.2043	-2.3485
1292	70	100	0	80	12.6282	13.4530	-10.8571
1293	70	70	0	80	15.8115	5.9672	-12.1355
1294	70	40	0	80	18.6007	-0.6696	-12.5204
1295	70	0	0	80	22.6271	-9.3944	-13.0011
1296	0	3	0	3	91.1911	2.8365	-1.6507
1297	3	3	0	3	90.0321	1.6644	-3.1712
1298	40	3	0	3	75.5687	-11.7451	-21.3320
1299	0	40	0	3	73.4649	27.6032	-6.0924
1300	3	40	0	3	72.5032	26.3147	-7.4765
1301	40	40	0	3	60.6310	10.6485	-23.3640
1302	0	0	3	3	92.3771	0.5920	1.3945
1303	3	0	3	3	91.1973	-0.5963	-0.1324
1304	40	0	3	3	76.4994	-14.0332	-18.6248
1305	0	3	3	3	90.9350	2.4418	0.8753
1306	3	3	3	3	89.7733	1.2336	-0.6075
1307	40	3	3	3	75.3109	-12.3788	-18.8762
1308	0	40	3	3	73.3006	27.2199	-3.9458
1309	3	40	3	3	72.3416	25.8762	-5.2637
1310	40	40	3	3	60.4494	10.0454	-21.3164
1311	0	0	40	3	89.4177	-2.9183	34.2743
1312	3	0	40	3	88.2248	-4.2462	32.6410
1313	40	0	40	3	73.5254	-20.0808	12.6514
1314	40	27	27	100	11.4917	-0.8521	-0.7964
1315	40	27	27	10	60.4086	-2.4819	-2.7359
1316	20	12	12	20	67.0547	-1.4952	-2.8457
1317	80	65	65	0	38.3216	-6.3801	-2.5686
1318	0	100	40	100	11.1078	8.3473	5.1551
1319	0	40	40	100	13.0518	2.4834	3.3942
1320	0	0	40	100	14.6125	-1.9150	3.4394
1321	100	100	40	80	12.1612	2.6113	-8.2596
1322	100	70	40	80	14.3247	-4.0446	-9.0022
1323	100	40	40	80	16.3104	-10.0058	-8.9367
1324	100	0	40	80	19.5532	-18.9340	-7.7520
1325	100	100	0	80	11.8581	7.1075	-14.9559
1326	100	70	0	80	14.2795	0.9168	-16.5264
1327	100	40	0	80	16.4868	-4.6409	-17.3324
1328	100	0	0	80	20.1174	-13.0625	-17.7232
1329	3	3	0	0	92.4073	1.8022	-3.1479
1330	40	3	0	0	77.4971	-11.9008	-21.7521
1331	3	40	0	0	74.3563	27.0999	-7.5397
1332	3	0	3	0	93.6103	-0.5105	-0.0368
1333	40	0	3	0	78.4571	-14.2404	-19.0292
1334	0	3	3	0	93.3379	2.6053	1.0410
1335	3	3	3	0	92.1440	1.3747	-0.5244
1336	40	3	3	0	77.2306	-12.5580	-19.2404
1337	0	40	3	0	75.1782	28.0702	-3.9639
1338	3	40	3	0	74.1954	26.6417	-5.2897
1339	40	40	3	0	61.9227	10.4297	-21.7835
1340	3	0	40	0	90.5700	-4.2122	33.6366
1341	0	3	40	0	90.3827	-0.9544	34.4129
1342	3	3	40	0	89.1731	-2.3319	32.7421
1343	40	3	40	0	74.2309	-18.6988	12.4551
1344	3	40	40	0	72.1565	22.9803	22.8601
1345	3	0	0	3	91.4606	-0.1634	-2.7283
1346	40	0	0	3	76.7648	-13.4116	-21.1239
1347	40	27	27	80	22.5253	-1.6580	-1.5531
1348	20	12	12	100	12.7612	-0.8762	-0.7372
1349	20	12	12	10	73.7803	-1.3449	-2.8541
1350	60	45	45	0	51.3351	-3.4630	-1.9557
1351	40	100	40	100	10.0349	5.5663	2.0807
1352	40	40	40	100	11.3684	-0.3099	0.6852
1353	40	0	40	100	12.7818	-4.5949	0.5928
1354	0	100	100	80	17.8043	19.1546	12.2440
1355	0	70	100	80	20.9987	12.1219	17.3217
1356	0	40	100	80	24.0361	5.1019	21.1811
1357	0	0	100	80	28.4679	-4.0164	25.9618
1358	0	100	70	80	17.6903	20.4437	9.4906
1359	0	70	70	80	21.2494	13.1066	11.8161
1360	0	40	70	80	24.4852	6.0609	14.6677
1361	0	0	70	80	29.3388	-3.3517	18.2310
1362	0	0	0	100	14.0696	-0.1055	0.0202
1363	0	0	0	98	15.6631	-0.0259	0.0286
1364	0	0	0	95	18.0412	0.0562	-0.1277
1365	0	0	0	90	22.1116	0.1275	-0.1738
1366	0	0	0	85	26.1184	0.2164	-0.3908
1367	0	0	0	80	30.1535	0.2351	-0.4479
1368	0	0	0	75	34.2104	0.2965	-0.6558
1369	0	0	0	70	38.2829	0.2704	-0.7020
1370	0	0	0	60	46.3599	0.3282	-1.0275
1371	0	0	0	50	54.4676	0.3175	-1.1898
1372	0	0	0	40	62.5648	0.3501	-1.3916
1373	0	0	0	30	70.6721	0.4128	-1.4764
1374	0	0	0	25	74.7266	0.4691	-1.4804
1375	0	0	0	20	78.7899	0.5448	-1.4687
1376	0	0	0	15	82.8582	0.6506	-1.4220
1377	0	0	0	10	86.9251	0.7408	-1.3431
1378	0	0	0	7	89.3709	0.8362	-1.2864
1379	0	0	0	5	91.0027	0.9408	-1.2647
1380	0	0	0	3	92.6419	1.0006	-1.1782
1381	0	0	0	2	93.4584	1.0524	-1.1855
1382	10	6	6	100	13.3959	-0.4208	-0.5077
1383	40	27	27	0	65.6941	-2.2193	-2.7132
1384	100	100	40	100	9.7670	1.7069	0.7303
1385	100	40	40	100	9.7935	-2.5278	-2.9870
1386	100	0	40	100	11.2789	-7.6995	-2.8122
1387	40	100	100	80	15.5208	10.8971	6.4109
1388	40	70	100	80	18.4434	3.6501	10.7102
1389	40	40	100	80	21.1113	-2.8592	14.5459
1390	40	0	100	80	24.8829	-11.3615	19.0656
1391	40	100	70	80	15.1485	13.0632	3.6204
1392	40	70	70	80	18.3469	5.4690	5.9858
1393	40	40	70	80	21.3019	-1.3510	8.2696
1394	40	0	70	80	25.2317	-10.0986	11.1897
1395	0	0	100	0	87.8777	-3.0330	93.0969
1396	0	0	98	0	87.9996	-3.1183	91.1335
1397	0	0	95	0	88.1933	-3.3362	88.2015
1398	0	0	90	0	88.4949	-3.5414	83.3161
1399	0	0	85	0	88.7987	-3.6532	78.4552
1400	0	0	80	0	89.0951	-3.7643	73.5571
1401	0	0	75	0	89.4111	-3.8320	68.7128
1402	0	0	70	0	89.7309	-3.8093	63.8967
1403	0	0	60	0	90.4002	-3.6811	54.2876
1404	0	0	50	0	91.0529	-3.3607	44.7334
1405	0	0	40	0	91.7989	-2.8468	35.3283
1406	0	0	30	0	92.5592	-2.1569	26.0165
1407	0	0	25	0	92.9502	-1.7173	21.4114
1408	0	0	20	0	93.3609	-1.2615	16.8337
1409	0	0	15	0	93.7807	-0.7387	12.3115
1410	0	0	10	0	94.2107	-0.1737	7.8126
1411	0	0	7	0	94.4731	0.1908	5.1295
1412	0	0	5	0	94.6498	0.4447	3.3477
1413	0	0	3	0	94.8263	0.7035	1.5521
1414	0	0	2	0	94.9172	0.8423	0.6851
1415	10	6	6	80	28.2327	-0.5235	-1.0195
1416	20	12	12	0	80.4928	-1.0410	-2.8040
1417	0	100	100	100	12.2904	5.5229	3.5733
1418	0	40	100	100	13.2482	0.6511	9.2987
1419	0	0	100	100	13.9464	-3.9819	10.2553
1420	70	100	100	80	13.8702	5.5432	3.0484
1421	70	70	100	80	16.4197	-1.5220	6.3586
1422	70	40	100	80	18.7057	-7.7981	9.1910
1423	70	0	100	80	22.0415	-16.1494	13.4161
1424	70	100	70	80	13.4463	7.4535	0.0651
1425	70	70	70	80	16.2297	0.1024	1.6874
1426	70	40	70	80	18.6428	-6.2995	3.2007
1427	70	0	70	80	22.2313	-14.9507	5.9048
1428	0	100	0	0	48.0023	75.2282	-2.2555
1429	0	98	0	0	48.8260	73.6606	-2.7798
1430	0	95	0	0	50.1284	71.1599	-3.4249
1431	0	90	0	0	52.3204	66.9869	-4.3202
1432	0	85	0	0	54.5110	62.9980	-5.1549
1433	0	80	0	0	56.7383	58.9467	-5.7295
1434	0	75	0	0	58.9840	54.9744	-6.2067
1435	0	70	0	0	61.2404	51.0653	-6.5873
1436	0	60	0	0	65.8608	43.3366	-6.8622
1437	0	50	0	0	70.5570	35.7957	-6.7000
1438	0	40	0	0	75.3577	28.4120	-6.1314
1439	0	30	0	0	80.2198	21.2706	-5.2752
1440	0	25	0	0	82.6806	17.6951	-4.6474
1441	0	20	0	0	85.1475	14.2765	-4.0679
1442	0	15	0	0	87.6310	10.8481	-3.3596
1443	0	10	0	0	90.1178	7.5600	-2.6767
1444	0	7	0	0	91.6109	5.5679	-2.1942
1445	0	5	0	0	92.6104	4.2980	-1.9138
1446	0	3	0	0	93.6055	3.0242	-1.6041
1447	0	2	0	0	94.1037	2.3848	-1.4420
1448	10	6	6	60	43.1452	-0.5662	-1.5757
1449	10	6	6	0	87.6549	0.0246	-1.9864
1450	40	100	100	100	11.4264	1.1736	2.7265
1451	40	40	100	100	12.5523	-3.3964	6.8240
1452	40	0	100	100	13.3955	-7.6715	8.4288
1453	100	100	100	80	12.6189	-1.6616	-0.7489
1454	100	70	100	80	14.5023	-8.0226	0.6955
1455	100	40	100	80	16.2082	-13.9074	2.1329
1456	100	0	100	80	19.3260	-23.0612	6.2058
1457	100	100	70	80	12.4022	0.1416	-3.5493
1458	100	70	70	80	14.4658	-6.5547	-3.2575
1459	100	40	70	80	16.3100	-12.6593	-2.5545
1460	100	0	70	80	19.4743	-21.5770	-0.1871
1461	100	0	0	0	54.2488	-35.2377	-51.0361
1462	98	0	0	0	55.0822	-34.4969	-49.9981
1463	95	0	0	0	56.3288	-33.3267	-48.4930
1464	90	0	0	0	58.3820	-31.3757	-46.0634
1465	85	0	0	0	60.4151	-29.5071	-43.6568
1466	80	0	0	0	62.4510	-27.6592	-41.2154
1467	75	0	0	0	64.4697	-25.8240	-38.7853
1468	70	0	0	0	66.5334	-24.0057	-36.3111
1469	60	0	0	0	70.5770	-20.4977	-31.4429
1470	50	0	0	0	74.6451	-17.0308	-26.5270
1471	40	0	0	0	78.7299	-13.6066	-21.5833
1472	30	0	0	0	82.8226	-10.0950	-16.5499
1473	25	0	0	0	84.8720	-8.3202	-14.0097
1474	20	0	0	0	86.9285	-6.5149	-11.4471
1475	15	0	0	0	88.9810	-4.6785	-8.9092
1476	10	0	0	0	91.0182	-2.7992	-6.3200
1477	7	0	0	0	92.2527	-1.6386	-4.7577
1478	5	0	0	0	93.0667	-0.8671	-3.7342
1479	3	0	0	0	93.8764	-0.0814	-2.6524
1480	2	0	0	0	94.2838	0.3108	-2.1443
1481	10	6	6	40	57.9959	-0.6343	-2.0238
1482	5	3	3	0	91.3390	0.5651	-1.5325
1483	100	100	100	100	10.7093	-1.0008	3.5615
1484	100	40	100	100	10.5190	-4.3354	1.1015
1485	100	0	100	100	12.1373	-10.8015	4.5673
1486	0	0	0	10	86.9274	0.7718	-1.3459
1487	0	0	10	10	86.1211	-0.4555	6.7704
1488	0	0	20	10	85.3361	-1.4854	15.0147
1489	0	0	40	10	83.8742	-3.0578	31.8862
1490	0	0	70	10	81.9802	-4.0877	57.9936
1491	0	10	0	10	82.4308	6.6663	-2.7821
1492	0	10	10	10	81.7022	5.4265	5.0222
1493	0	10	20	10	80.9838	4.3872	12.9617
1494	0	10	40	10	79.6360	2.8482	29.1585
1495	0	10	70	10	77.8541	1.6821	54.2600
1496	0	20	0	10	77.9465	12.8195	-4.0595
1497	0	20	10	10	77.2751	11.6145	3.4131
1498	0	20	20	10	76.6382	10.5485	11.0317
1499	0	20	40	10	75.3992	9.0141	26.5866
1500	0	20	70	10	73.7518	7.7653	50.6844
1501	0	40	0	10	69.0539	25.8349	-6.0461
1502	0	40	10	10	68.5480	24.6195	0.7482
1503	0	40	20	10	68.0402	23.5807	7.6873
1504	0	40	40	10	67.0571	22.0008	21.8992
1505	0	40	70	10	65.6857	20.6177	43.8969
1506	0	70	0	10	56.1649	46.6845	-6.7075
1507	0	70	10	10	55.9071	45.4691	-1.0070
1508	0	70	20	10	55.6335	44.4871	4.7671
1509	0	70	40	10	55.0474	42.7784	16.6415
1510	0	70	70	10	54.2327	41.1634	34.9772
1511	10	0	0	10	83.2670	-2.8630	-6.0810
1512	10	0	10	10	82.4509	-4.2529	1.9761
1513	10	0	20	10	81.6751	-5.4162	10.1334
1514	10	0	40	10	80.2081	-7.1788	26.7901
1515	10	0	70	10	78.3164	-8.5613	52.4887
1516	10	10	0	10	78.9701	2.8803	-7.2890
1517	10	10	10	10	78.2305	1.5177	0.4350
1518	10	10	20	10	77.5104	0.3726	8.2691
1519	10	10	40	10	76.1663	-1.4129	24.2932
1520	10	10	70	10	74.3785	-2.8762	48.9973
1521	10	20	0	10	74.6709	8.9115	-8.3911
1522	10	20	10	10	73.9988	7.5662	-0.9913
1523	10	20	20	10	73.3368	6.4212	6.5036
1524	10	20	40	10	72.0953	4.6361	21.8610
1525	10	20	70	10	70.4285	3.1276	45.5531
1526	10	40	0	10	66.0971	21.6923	-10.1072
1527	10	40	10	10	65.5750	20.3689	-3.3969
1528	10	40	20	10	65.0562	19.2300	3.4305
1529	10	40	40	10	64.0573	17.4176	17.4375
1530	10	40	70	10	62.6920	15.7610	39.0358
1531	10	70	0	10	53.5743	42.2872	-10.6636
1532	10	70	10	10	53.2986	41.0186	-5.0670
1533	10	70	20	10	53.0141	39.8722	0.6315
1534	10	70	40	10	52.4101	38.0416	12.3176
1535	10	70	70	10	51.5644	36.1120	30.3007
1536	20	0	0	10	79.5831	-6.3264	-10.7736
1537	20	0	10	10	78.7710	-7.8618	-2.7998
1538	20	0	20	10	77.9870	-9.1682	5.2803
1539	20	0	40	10	76.5269	-11.2011	21.7339
1540	20	0	70	10	74.6485	-12.9099	46.9967
1541	20	10	0	10	75.4767	-0.7228	-11.7484
1542	20	10	10	10	74.7281	-2.2237	-4.1269
1543	20	10	20	10	74.0105	-3.5153	3.6195
1544	20	10	40	10	72.6632	-5.5720	19.4163
1545	20	10	70	10	70.8813	-7.3367	43.6729
1546	20	20	0	10	71.3579	5.1720	-12.6700
1547	20	20	10	10	70.6731	3.6685	-5.3725
1548	20	20	20	10	70.0199	2.3955	2.0370
1549	20	20	40	10	68.7779	0.3562	17.1774
1550	20	20	70	10	67.1241	-1.4627	40.4635
1551	20	40	0	10	63.1140	17.6651	-14.1056
1552	20	40	10	10	62.5946	16.2112	-7.5174
1553	20	40	20	10	62.0670	14.9595	-0.7785
1554	20	40	40	10	61.0658	12.9268	13.0365
1555	20	40	70	10	59.7207	10.9768	34.2733
1556	20	70	0	10	50.9882	37.9370	-14.6312
1557	20	70	10	10	50.7151	36.5197	-9.0432
1558	20	70	20	10	50.4057	35.3459	-3.4273
1559	20	70	40	10	49.7949	33.2849	8.0891
1560	20	70	70	10	48.9368	31.1145	25.7516
1561	40	0	0	10	72.1802	-12.9176	-20.0466
1562	40	0	10	10	71.3678	-14.8371	-12.2513
1563	40	0	20	10	70.5919	-16.5265	-4.3648
1564	40	0	40	10	69.1733	-19.2109	11.7048
1565	40	0	70	10	67.3448	-21.7332	36.0717
1566	40	10	0	10	68.4646	-7.6316	-20.6078
1567	40	10	10	10	67.7194	-9.5333	-13.1632
1568	40	10	20	10	66.9996	-11.1726	-5.6110
1569	40	10	40	10	65.6783	-13.8532	9.7823
1570	40	10	70	10	63.9450	-16.4021	33.1795
1571	40	20	0	10	64.7052	-2.0770	-21.1748
1572	40	20	10	10	64.0322	-3.9400	-14.0627
1573	40	20	20	10	63.3831	-5.5425	-6.8474
1574	40	20	40	10	62.1520	-8.1978	7.8642
1575	40	20	70	10	60.5402	-10.7808	30.2828
1576	40	40	0	10	57.1550	9.7903	-22.1803
1577	40	40	10	10	56.6324	8.0052	-15.6969
1578	40	40	20	10	56.1139	6.4059	-9.1038
1579	40	40	40	10	55.1067	3.8299	4.2857
1580	40	40	70	10	53.7479	1.1908	24.6734
1581	40	70	0	10	45.8481	29.1598	-22.3607
1582	40	70	10	10	45.5853	27.4654	-16.9251
1583	40	70	20	10	45.2673	26.0409	-11.4140
1584	40	70	40	10	44.6648	23.4919	-0.1718
1585	40	70	70	10	43.7862	20.7121	16.8399
1586	70	0	0	10	61.1360	-22.6828	-33.6113
1587	70	0	10	10	60.3664	-25.4986	-26.2130
1588	70	0	20	10	59.6255	-28.0573	-18.6480
1589	70	0	40	10	58.2254	-32.2974	-3.4928
1590	70	0	70	10	56.4826	-36.6124	19.2618
1591	70	10	0	10	58.0206	-17.9228	-33.6868
1592	70	10	10	10	57.2887	-20.7091	-26.6031
1593	70	10	20	10	56.5944	-23.2076	-19.3602
1594	70	10	40	10	55.3034	-27.3664	-4.8507
1595	70	10	70	10	53.6377	-31.6421	16.8995
1596	70	20	0	10	54.8276	-12.9492	-33.7819
1597	70	20	10	10	54.1728	-15.6911	-26.9562
1598	70	20	20	10	53.5373	-18.0808	-20.1196
1599	70	20	40	10	52.3579	-22.1886	-6.2235
1600	70	20	70	10	50.8062	-26.4633	14.6221
1601	70	40	0	10	48.3479	-2.3506	-34.0015
1602	70	40	10	10	47.8614	-4.9058	-27.8071
1603	70	40	20	10	47.3598	-7.2528	-21.5068
1604	70	40	40	10	46.3856	-11.1356	-8.8634
1605	70	40	70	10	45.0828	-15.3340	10.1201
1606	70	70	0	10	38.5072	15.1966	-33.6613
1607	70	70	10	10	38.2463	12.8301	-28.4349
1608	70	70	20	10	37.9509	10.7888	-23.0914
1609	70	70	40	10	37.3626	7.1419	-12.3328
1610	70	70	70	10	36.5078	2.9933	3.6429
1611	50	40	40	0	56.5454	-0.5402	0.1229
1612	100	0	0	10	50.1146	-33.1920	-47.3181
1613	0	100	0	10	43.9389	69.0274	-2.9882
1614	0	0	100	10	80.1729	-3.6268	84.4850
1615	0	100	100	10	43.5059	61.6893	41.5473
1616	100	0	100	10	44.2107	-59.1475	20.1609
1617	100	100	0	10	22.7833	17.1269	-42.7348
END_DATA
